500
0 2
0 3
0 4
0 5
0 6
0 7
0 8
0 9
0 499
1 2
1 3
1 4
1 5
1 6
1 7
1 8
1 9
2 3
2 4
2 5
2 6
2 7
2 8
2 9
3 4
3 5
3 6
3 7
3 8
3 9
4 5
4 6
4 7
4 8
4 9
5 6
5 7
5 8
5 9
6 7
6 8
6 9
7 8
7 9
8 9
9 10
10 12
10 13
10 14
10 15
10 16
10 17
10 18
10 19
11 12
11 13
11 14
11 15
11 16
11 17
11 18
11 19
12 13
12 14
12 15
12 16
12 17
12 18
12 19
13 14
13 15
13 16
13 17
13 18
13 19
14 15
14 16
14 17
14 18
14 19
15 16
15 17
15 18
15 19
16 17
16 18
16 19
17 18
17 19
18 19
19 20
20 22
20 23
20 24
20 25
20 26
20 27
20 28
20 29
21 22
21 23
21 24
21 25
21 26
21 27
21 28
21 29
22 23
22 24
22 25
22 26
22 27
22 28
22 29
23 24
23 25
23 26
23 27
23 28
23 29
24 25
24 26
24 27
24 28
24 29
25 26
25 27
25 28
25 29
26 27
26 28
26 29
27 28
27 29
28 29
29 30
30 32
30 33
30 34
30 35
30 36
30 37
30 38
30 39
31 32
31 33
31 34
31 35
31 36
31 37
31 38
31 39
32 33
32 34
32 35
32 36
32 37
32 38
32 39
33 34
33 35
33 36
33 37
33 38
33 39
34 35
34 36
34 37
34 38
34 39
35 36
35 37
35 38
35 39
36 37
36 38
36 39
37 38
37 39
38 39
39 40
40 42
40 43
40 44
40 45
40 46
40 47
40 48
40 49
41 42
41 43
41 44
41 45
41 46
41 47
41 48
41 49
42 43
42 44
42 45
42 46
42 47
42 48
42 49
43 44
43 45
43 46
43 47
43 48
43 49
44 45
44 46
44 47
44 48
44 49
45 46
45 47
45 48
45 49
46 47
46 48
46 49
47 48
47 49
48 49
49 50
50 52
50 53
50 54
50 55
50 56
50 57
50 58
50 59
51 52
51 53
51 54
51 55
51 56
51 57
51 58
51 59
52 53
52 54
52 55
52 56
52 57
52 58
52 59
53 54
53 55
53 56
53 57
53 58
53 59
54 55
54 56
54 57
54 58
54 59
55 56
55 57
55 58
55 59
56 57
56 58
56 59
57 58
57 59
58 59
59 60
60 62
60 63
60 64
60 65
60 66
60 67
60 68
60 69
61 62
61 63
61 64
61 65
61 66
61 67
61 68
61 69
62 63
62 64
62 65
62 66
62 67
62 68
62 69
63 64
63 65
63 66
63 67
63 68
63 69
64 65
64 66
64 67
64 68
64 69
65 66
65 67
65 68
65 69
66 67
66 68
66 69
67 68
67 69
68 69
69 70
70 72
70 73
70 74
70 75
70 76
70 77
70 78
70 79
71 72
71 73
71 74
71 75
71 76
71 77
71 78
71 79
72 73
72 74
72 75
72 76
72 77
72 78
72 79
73 74
73 75
73 76
73 77
73 78
73 79
74 75
74 76
74 77
74 78
74 79
75 76
75 77
75 78
75 79
76 77
76 78
76 79
77 78
77 79
78 79
79 80
80 82
80 83
80 84
80 85
80 86
80 87
80 88
80 89
81 82
81 83
81 84
81 85
81 86
81 87
81 88
81 89
82 83
82 84
82 85
82 86
82 87
82 88
82 89
83 84
83 85
83 86
83 87
83 88
83 89
84 85
84 86
84 87
84 88
84 89
85 86
85 87
85 88
85 89
86 87
86 88
86 89
87 88
87 89
88 89
89 90
90 92
90 93
90 94
90 95
90 96
90 97
90 98
90 99
91 92
91 93
91 94
91 95
91 96
91 97
91 98
91 99
92 93
92 94
92 95
92 96
92 97
92 98
92 99
93 94
93 95
93 96
93 97
93 98
93 99
94 95
94 96
94 97
94 98
94 99
95 96
95 97
95 98
95 99
96 97
96 98
96 99
97 98
97 99
98 99
99 100
100 102
100 103
100 104
100 105
100 106
100 107
100 108
100 109
101 102
101 103
101 104
101 105
101 106
101 107
101 108
101 109
102 103
102 104
102 105
102 106
102 107
102 108
102 109
103 104
103 105
103 106
103 107
103 108
103 109
104 105
104 106
104 107
104 108
104 109
105 106
105 107
105 108
105 109
106 107
106 108
106 109
107 108
107 109
108 109
109 110
110 112
110 113
110 114
110 115
110 116
110 117
110 118
110 119
111 112
111 113
111 114
111 115
111 116
111 117
111 118
111 119
112 113
112 114
112 115
112 116
112 117
112 118
112 119
113 114
113 115
113 116
113 117
113 118
113 119
114 115
114 116
114 117
114 118
114 119
115 116
115 117
115 118
115 119
116 117
116 118
116 119
117 118
117 119
118 119
119 120
120 122
120 123
120 124
120 125
120 126
120 127
120 128
120 129
121 122
121 123
121 124
121 125
121 126
121 127
121 128
121 129
122 123
122 124
122 125
122 126
122 127
122 128
122 129
123 124
123 125
123 126
123 127
123 128
123 129
124 125
124 126
124 127
124 128
124 129
125 126
125 127
125 128
125 129
126 127
126 128
126 129
127 128
127 129
128 129
129 130
130 132
130 133
130 134
130 135
130 136
130 137
130 138
130 139
131 132
131 133
131 134
131 135
131 136
131 137
131 138
131 139
132 133
132 134
132 135
132 136
132 137
132 138
132 139
133 134
133 135
133 136
133 137
133 138
133 139
134 135
134 136
134 137
134 138
134 139
135 136
135 137
135 138
135 139
136 137
136 138
136 139
137 138
137 139
138 139
139 140
140 142
140 143
140 144
140 145
140 146
140 147
140 148
140 149
141 142
141 143
141 144
141 145
141 146
141 147
141 148
141 149
142 143
142 144
142 145
142 146
142 147
142 148
142 149
143 144
143 145
143 146
143 147
143 148
143 149
144 145
144 146
144 147
144 148
144 149
145 146
145 147
145 148
145 149
146 147
146 148
146 149
147 148
147 149
148 149
149 150
150 152
150 153
150 154
150 155
150 156
150 157
150 158
150 159
151 152
151 153
151 154
151 155
151 156
151 157
151 158
151 159
152 153
152 154
152 155
152 156
152 157
152 158
152 159
153 154
153 155
153 156
153 157
153 158
153 159
154 155
154 156
154 157
154 158
154 159
155 156
155 157
155 158
155 159
156 157
156 158
156 159
157 158
157 159
158 159
159 160
160 162
160 163
160 164
160 165
160 166
160 167
160 168
160 169
161 162
161 163
161 164
161 165
161 166
161 167
161 168
161 169
162 163
162 164
162 165
162 166
162 167
162 168
162 169
163 164
163 165
163 166
163 167
163 168
163 169
164 165
164 166
164 167
164 168
164 169
165 166
165 167
165 168
165 169
166 167
166 168
166 169
167 168
167 169
168 169
169 170
170 172
170 173
170 174
170 175
170 176
170 177
170 178
170 179
171 172
171 173
171 174
171 175
171 176
171 177
171 178
171 179
172 173
172 174
172 175
172 176
172 177
172 178
172 179
173 174
173 175
173 176
173 177
173 178
173 179
174 175
174 176
174 177
174 178
174 179
175 176
175 177
175 178
175 179
176 177
176 178
176 179
177 178
177 179
178 179
179 180
180 182
180 183
180 184
180 185
180 186
180 187
180 188
180 189
181 182
181 183
181 184
181 185
181 186
181 187
181 188
181 189
182 183
182 184
182 185
182 186
182 187
182 188
182 189
183 184
183 185
183 186
183 187
183 188
183 189
184 185
184 186
184 187
184 188
184 189
185 186
185 187
185 188
185 189
186 187
186 188
186 189
187 188
187 189
188 189
189 190
190 192
190 193
190 194
190 195
190 196
190 197
190 198
190 199
191 192
191 193
191 194
191 195
191 196
191 197
191 198
191 199
192 193
192 194
192 195
192 196
192 197
192 198
192 199
193 194
193 195
193 196
193 197
193 198
193 199
194 195
194 196
194 197
194 198
194 199
195 196
195 197
195 198
195 199
196 197
196 198
196 199
197 198
197 199
198 199
199 200
200 202
200 203
200 204
200 205
200 206
200 207
200 208
200 209
201 202
201 203
201 204
201 205
201 206
201 207
201 208
201 209
202 203
202 204
202 205
202 206
202 207
202 208
202 209
203 204
203 205
203 206
203 207
203 208
203 209
204 205
204 206
204 207
204 208
204 209
205 206
205 207
205 208
205 209
206 207
206 208
206 209
207 208
207 209
208 209
209 210
210 212
210 213
210 214
210 215
210 216
210 217
210 218
210 219
211 212
211 213
211 214
211 215
211 216
211 217
211 218
211 219
212 213
212 214
212 215
212 216
212 217
212 218
212 219
213 214
213 215
213 216
213 217
213 218
213 219
214 215
214 216
214 217
214 218
214 219
215 216
215 217
215 218
215 219
216 217
216 218
216 219
217 218
217 219
218 219
219 220
220 222
220 223
220 224
220 225
220 226
220 227
220 228
220 229
221 222
221 223
221 224
221 225
221 226
221 227
221 228
221 229
222 223
222 224
222 225
222 226
222 227
222 228
222 229
223 224
223 225
223 226
223 227
223 228
223 229
224 225
224 226
224 227
224 228
224 229
225 226
225 227
225 228
225 229
226 227
226 228
226 229
227 228
227 229
228 229
229 230
230 232
230 233
230 234
230 235
230 236
230 237
230 238
230 239
231 232
231 233
231 234
231 235
231 236
231 237
231 238
231 239
232 233
232 234
232 235
232 236
232 237
232 238
232 239
233 234
233 235
233 236
233 237
233 238
233 239
234 235
234 236
234 237
234 238
234 239
235 236
235 237
235 238
235 239
236 237
236 238
236 239
237 238
237 239
238 239
239 240
240 242
240 243
240 244
240 245
240 246
240 247
240 248
240 249
241 242
241 243
241 244
241 245
241 246
241 247
241 248
241 249
242 243
242 244
242 245
242 246
242 247
242 248
242 249
243 244
243 245
243 246
243 247
243 248
243 249
244 245
244 246
244 247
244 248
244 249
245 246
245 247
245 248
245 249
246 247
246 248
246 249
247 248
247 249
248 249
249 250
250 252
250 253
250 254
250 255
250 256
250 257
250 258
250 259
251 252
251 253
251 254
251 255
251 256
251 257
251 258
251 259
252 253
252 254
252 255
252 256
252 257
252 258
252 259
253 254
253 255
253 256
253 257
253 258
253 259
254 255
254 256
254 257
254 258
254 259
255 256
255 257
255 258
255 259
256 257
256 258
256 259
257 258
257 259
258 259
259 260
260 262
260 263
260 264
260 265
260 266
260 267
260 268
260 269
261 262
261 263
261 264
261 265
261 266
261 267
261 268
261 269
262 263
262 264
262 265
262 266
262 267
262 268
262 269
263 264
263 265
263 266
263 267
263 268
263 269
264 265
264 266
264 267
264 268
264 269
265 266
265 267
265 268
265 269
266 267
266 268
266 269
267 268
267 269
268 269
269 270
270 272
270 273
270 274
270 275
270 276
270 277
270 278
270 279
271 272
271 273
271 274
271 275
271 276
271 277
271 278
271 279
272 273
272 274
272 275
272 276
272 277
272 278
272 279
273 274
273 275
273 276
273 277
273 278
273 279
274 275
274 276
274 277
274 278
274 279
275 276
275 277
275 278
275 279
276 277
276 278
276 279
277 278
277 279
278 279
279 280
280 282
280 283
280 284
280 285
280 286
280 287
280 288
280 289
281 282
281 283
281 284
281 285
281 286
281 287
281 288
281 289
282 283
282 284
282 285
282 286
282 287
282 288
282 289
283 284
283 285
283 286
283 287
283 288
283 289
284 285
284 286
284 287
284 288
284 289
285 286
285 287
285 288
285 289
286 287
286 288
286 289
287 288
287 289
288 289
289 290
290 292
290 293
290 294
290 295
290 296
290 297
290 298
290 299
291 292
291 293
291 294
291 295
291 296
291 297
291 298
291 299
292 293
292 294
292 295
292 296
292 297
292 298
292 299
293 294
293 295
293 296
293 297
293 298
293 299
294 295
294 296
294 297
294 298
294 299
295 296
295 297
295 298
295 299
296 297
296 298
296 299
297 298
297 299
298 299
299 300
300 302
300 303
300 304
300 305
300 306
300 307
300 308
300 309
301 302
301 303
301 304
301 305
301 306
301 307
301 308
301 309
302 303
302 304
302 305
302 306
302 307
302 308
302 309
303 304
303 305
303 306
303 307
303 308
303 309
304 305
304 306
304 307
304 308
304 309
305 306
305 307
305 308
305 309
306 307
306 308
306 309
307 308
307 309
308 309
309 310
310 312
310 313
310 314
310 315
310 316
310 317
310 318
310 319
311 312
311 313
311 314
311 315
311 316
311 317
311 318
311 319
312 313
312 314
312 315
312 316
312 317
312 318
312 319
313 314
313 315
313 316
313 317
313 318
313 319
314 315
314 316
314 317
314 318
314 319
315 316
315 317
315 318
315 319
316 317
316 318
316 319
317 318
317 319
318 319
319 320
320 322
320 323
320 324
320 325
320 326
320 327
320 328
320 329
321 322
321 323
321 324
321 325
321 326
321 327
321 328
321 329
322 323
322 324
322 325
322 326
322 327
322 328
322 329
323 324
323 325
323 326
323 327
323 328
323 329
324 325
324 326
324 327
324 328
324 329
325 326
325 327
325 328
325 329
326 327
326 328
326 329
327 328
327 329
328 329
329 330
330 332
330 333
330 334
330 335
330 336
330 337
330 338
330 339
331 332
331 333
331 334
331 335
331 336
331 337
331 338
331 339
332 333
332 334
332 335
332 336
332 337
332 338
332 339
333 334
333 335
333 336
333 337
333 338
333 339
334 335
334 336
334 337
334 338
334 339
335 336
335 337
335 338
335 339
336 337
336 338
336 339
337 338
337 339
338 339
339 340
340 342
340 343
340 344
340 345
340 346
340 347
340 348
340 349
341 342
341 343
341 344
341 345
341 346
341 347
341 348
341 349
342 343
342 344
342 345
342 346
342 347
342 348
342 349
343 344
343 345
343 346
343 347
343 348
343 349
344 345
344 346
344 347
344 348
344 349
345 346
345 347
345 348
345 349
346 347
346 348
346 349
347 348
347 349
348 349
349 350
350 352
350 353
350 354
350 355
350 356
350 357
350 358
350 359
351 352
351 353
351 354
351 355
351 356
351 357
351 358
351 359
352 353
352 354
352 355
352 356
352 357
352 358
352 359
353 354
353 355
353 356
353 357
353 358
353 359
354 355
354 356
354 357
354 358
354 359
355 356
355 357
355 358
355 359
356 357
356 358
356 359
357 358
357 359
358 359
359 360
360 362
360 363
360 364
360 365
360 366
360 367
360 368
360 369
361 362
361 363
361 364
361 365
361 366
361 367
361 368
361 369
362 363
362 364
362 365
362 366
362 367
362 368
362 369
363 364
363 365
363 366
363 367
363 368
363 369
364 365
364 366
364 367
364 368
364 369
365 366
365 367
365 368
365 369
366 367
366 368
366 369
367 368
367 369
368 369
369 370
370 372
370 373
370 374
370 375
370 376
370 377
370 378
370 379
371 372
371 373
371 374
371 375
371 376
371 377
371 378
371 379
372 373
372 374
372 375
372 376
372 377
372 378
372 379
373 374
373 375
373 376
373 377
373 378
373 379
374 375
374 376
374 377
374 378
374 379
375 376
375 377
375 378
375 379
376 377
376 378
376 379
377 378
377 379
378 379
379 380
380 382
380 383
380 384
380 385
380 386
380 387
380 388
380 389
381 382
381 383
381 384
381 385
381 386
381 387
381 388
381 389
382 383
382 384
382 385
382 386
382 387
382 388
382 389
383 384
383 385
383 386
383 387
383 388
383 389
384 385
384 386
384 387
384 388
384 389
385 386
385 387
385 388
385 389
386 387
386 388
386 389
387 388
387 389
388 389
389 390
390 392
390 393
390 394
390 395
390 396
390 397
390 398
390 399
391 392
391 393
391 394
391 395
391 396
391 397
391 398
391 399
392 393
392 394
392 395
392 396
392 397
392 398
392 399
393 394
393 395
393 396
393 397
393 398
393 399
394 395
394 396
394 397
394 398
394 399
395 396
395 397
395 398
395 399
396 397
396 398
396 399
397 398
397 399
398 399
399 400
400 402
400 403
400 404
400 405
400 406
400 407
400 408
400 409
401 402
401 403
401 404
401 405
401 406
401 407
401 408
401 409
402 403
402 404
402 405
402 406
402 407
402 408
402 409
403 404
403 405
403 406
403 407
403 408
403 409
404 405
404 406
404 407
404 408
404 409
405 406
405 407
405 408
405 409
406 407
406 408
406 409
407 408
407 409
408 409
409 410
410 412
410 413
410 414
410 415
410 416
410 417
410 418
410 419
411 412
411 413
411 414
411 415
411 416
411 417
411 418
411 419
412 413
412 414
412 415
412 416
412 417
412 418
412 419
413 414
413 415
413 416
413 417
413 418
413 419
414 415
414 416
414 417
414 418
414 419
415 416
415 417
415 418
415 419
416 417
416 418
416 419
417 418
417 419
418 419
419 420
420 422
420 423
420 424
420 425
420 426
420 427
420 428
420 429
421 422
421 423
421 424
421 425
421 426
421 427
421 428
421 429
422 423
422 424
422 425
422 426
422 427
422 428
422 429
423 424
423 425
423 426
423 427
423 428
423 429
424 425
424 426
424 427
424 428
424 429
425 426
425 427
425 428
425 429
426 427
426 428
426 429
427 428
427 429
428 429
429 430
430 432
430 433
430 434
430 435
430 436
430 437
430 438
430 439
431 432
431 433
431 434
431 435
431 436
431 437
431 438
431 439
432 433
432 434
432 435
432 436
432 437
432 438
432 439
433 434
433 435
433 436
433 437
433 438
433 439
434 435
434 436
434 437
434 438
434 439
435 436
435 437
435 438
435 439
436 437
436 438
436 439
437 438
437 439
438 439
439 440
440 442
440 443
440 444
440 445
440 446
440 447
440 448
440 449
441 442
441 443
441 444
441 445
441 446
441 447
441 448
441 449
442 443
442 444
442 445
442 446
442 447
442 448
442 449
443 444
443 445
443 446
443 447
443 448
443 449
444 445
444 446
444 447
444 448
444 449
445 446
445 447
445 448
445 449
446 447
446 448
446 449
447 448
447 449
448 449
449 450
450 452
450 453
450 454
450 455
450 456
450 457
450 458
450 459
451 452
451 453
451 454
451 455
451 456
451 457
451 458
451 459
452 453
452 454
452 455
452 456
452 457
452 458
452 459
453 454
453 455
453 456
453 457
453 458
453 459
454 455
454 456
454 457
454 458
454 459
455 456
455 457
455 458
455 459
456 457
456 458
456 459
457 458
457 459
458 459
459 460
460 462
460 463
460 464
460 465
460 466
460 467
460 468
460 469
461 462
461 463
461 464
461 465
461 466
461 467
461 468
461 469
462 463
462 464
462 465
462 466
462 467
462 468
462 469
463 464
463 465
463 466
463 467
463 468
463 469
464 465
464 466
464 467
464 468
464 469
465 466
465 467
465 468
465 469
466 467
466 468
466 469
467 468
467 469
468 469
469 470
470 472
470 473
470 474
470 475
470 476
470 477
470 478
470 479
471 472
471 473
471 474
471 475
471 476
471 477
471 478
471 479
472 473
472 474
472 475
472 476
472 477
472 478
472 479
473 474
473 475
473 476
473 477
473 478
473 479
474 475
474 476
474 477
474 478
474 479
475 476
475 477
475 478
475 479
476 477
476 478
476 479
477 478
477 479
478 479
479 480
480 482
480 483
480 484
480 485
480 486
480 487
480 488
480 489
481 482
481 483
481 484
481 485
481 486
481 487
481 488
481 489
482 483
482 484
482 485
482 486
482 487
482 488
482 489
483 484
483 485
483 486
483 487
483 488
483 489
484 485
484 486
484 487
484 488
484 489
485 486
485 487
485 488
485 489
486 487
486 488
486 489
487 488
487 489
488 489
489 490
490 492
490 493
490 494
490 495
490 496
490 497
490 498
490 499
491 492
491 493
491 494
491 495
491 496
491 497
491 498
491 499
492 493
492 494
492 495
492 496
492 497
492 498
492 499
493 494
493 495
493 496
493 497
493 498
493 499
494 495
494 496
494 497
494 498
494 499
495 496
495 497
495 498
495 499
496 497
496 498
496 499
497 498
497 499
498 499

0 -0.352482408285141 -0.7096549868583679
1 -0.27314504981040955 -0.8082304000854492
2 -0.30687764286994934 -0.7862300276756287
3 -0.286895751953125 -0.7699529528617859
4 -0.30002284049987793 -0.7952790856361389
5 -0.2835526168346405 -0.7800981998443604
6 -0.29766541719436646 -0.7814907431602478
7 -0.28943803906440735 -0.7900635600090027
8 -0.29843613505363464 -0.7714401483535767
9 -0.2134864181280136 -0.7858162522315979
10 0.04640775918960571 -0.8262104988098145
11 0.1580074578523636 -0.8578982353210449
12 0.120419941842556 -0.8666614294052124
13 0.13228410482406616 -0.84772789478302
14 0.11553234606981277 -0.8509176969528198
15 0.13255749642848969 -0.8587607741355896
16 0.1135767251253128 -0.8601259589195251
17 0.1288628876209259 -0.8708783388137817
18 0.12260250002145767 -0.8425585627555847
19 0.17293517291545868 -0.8069209456443787
20 0.33301007747650146 -0.6711140871047974
21 0.4075643718242645 -0.6242162585258484
22 0.37775203585624695 -0.6529039740562439
23 0.39142972230911255 -0.6245487332344055
24 0.3808123767375946 -0.6272656917572021
25 0.37570175528526306 -0.6376213431358337
26 0.38612961769104004 -0.6444770693778992
27 0.39137202501296997 -0.6544869542121887
28 0.3967527747154236 -0.6396629214286804
29 0.31983593106269836 -0.6076886653900146
30 0.08774282783269882 -0.5523005723953247
31 -0.013365548104047775 -0.5420604944229126
32 0.016508890315890312 -0.5275455117225647
33 0.02342630922794342 -0.5466920733451843
34 0.023935647681355476 -0.534898579120636
35 0.00608483562245965 -0.5356107354164124
36 0.015368104912340641 -0.555279552936554
37 0.012631136924028397 -0.5432981848716736
38 0.0041727339848876 -0.5527169108390808
39 -0.04698927700519562 -0.47711023688316345
40 -0.26925063133239746 -0.28295427560806274
41 -0.37308424711227417 -0.21324600279331207
42 -0.3391740918159485 -0.23143485188484192
43 -0.3521728515625 -0.23729419708251953
44 -0.3310813009738922 -0.22886237502098083
45 -0.35605931282043457 -0.2292112410068512
46 -0.3366629481315613 -0.2205618917942047
47 -0.34275680780410767 -0.2405141294002533
48 -0.34840288758277893 -0.22030416131019592
49 -0.34663671255111694 -0.13154664635658264
50 -0.36400699615478516 0.17836344242095947
51 -0.37251901626586914 0.3099816143512726
52 -0.383606880903244 0.27540716528892517
53 -0.3600912392139435 0.26530539989471436
54 -0.35645174980163574 0.2772209942340851
55 -0.3664904832839966 0.2831157445907593
56 -0.3695199191570282 0.27060002088546753
57 -0.3780806064605713 0.26618796586990356
58 -0.3779182732105255 0.28422805666923523
59 -0.3162662982940674 0.3076145052909851
60 -0.14329086244106293 0.4288325011730194
61 -0.062208712100982666 0.48403674364089966
62 -0.08131143450737 0.48133665323257446
63 -0.09838064014911652 0.4733434319496155
64 -0.09294918179512024 0.4807831346988678
65 -0.0770139992237091 0.45965737104415894
66 -0.0748853087425232 0.471037894487381
67 -0.09086336940526962 0.46011635661125183
68 -0.08765880018472672 0.46775397658348083
69 -0.04936094582080841 0.40616217255592346
70 0.06512114405632019 0.20259174704551697
71 0.09713234752416611 0.11127929389476776
72 0.08944252878427505 0.1299709975719452
73 0.11008729785680771 0.14861613512039185
74 0.09919297695159912 0.13245561718940735
75 0.08377700299024582 0.13855087757110596
76 0.09200376272201538 0.146219864487648
77 0.10713730752468109 0.13830368220806122
78 0.09996729344129562 0.15104401111602783
79 0.1699850708246231 0.09330669045448303
80 0.42545846104621887 -0.045392028987407684
81 0.5337128043174744 -0.10122878104448318
82 0.5139405131340027 -0.0700555071234703
83 0.49992504715919495 -0.09198103845119476
84 0.5062437057495117 -0.07962892949581146
85 0.5151746273040771 -0.09975932538509369
86 0.5085346102714539 -0.09678290784358978
87 0.5195830464363098 -0.07712113112211227
88 0.5149790048599243 -0.08637242764234543
89 0.5660848021507263 -0.11350498348474503
90 0.7613290548324585 -0.21153749525547028
91 0.8583492636680603 -0.25163623690605164
92 0.8205237984657288 -0.22805482149124146
93 0.8401922583580017 -0.23084941506385803
94 0.8335258960723877 -0.24240656197071075
95 0.8180273771286011 -0.23992633819580078
96 0.83164381980896 -0.25297895073890686
97 0.8173944354057312 -0.25047212839126587
98 0.8311946988105774 -0.23054075241088867
99 0.8273722529411316 -0.29547539353370667
100 0.8662098050117493 -0.4830510914325714
101 0.8964350819587708 -0.5723617076873779
102 0.892042875289917 -0.5544494986534119
103 0.8876125812530518 -0.5327430367469788
104 0.8723383545875549 -0.5466823577880859
105 0.8811159729957581 -0.5540491342544556
106 0.8794814944267273 -0.5387676954269409
107 0.8976965546607971 -0.5384542346000671
108 0.900879979133606 -0.5482586026191711
109 0.8309224843978882 -0.5807418823242188
110 0.6854054927825928 -0.7287790775299072
111 0.639590859413147 -0.8129109144210815
112 0.6813291311264038 -0.793623685836792
113 0.664739727973938 -0.7890993356704712
114 0.6537014245986938 -0.7901028990745544
115 0.6870684027671814 -0.8076571822166443
116 0.6537586450576782 -0.8005295395851135
117 0.6750290989875793 -0.8045156598091125
118 0.6651698350906372 -0.8091949224472046
119 0.6634105443954468 -0.7732592225074768
120 0.677830159664154 -0.7026760578155518
121 0.7204586267471313 -0.6743749976158142
122 0.6999498605728149 -0.6975658535957336
123 0.7102137207984924 -0.6915565729141235
124 0.6848343014717102 -0.6809399127960205
125 0.7081344723701477 -0.6811479926109314
126 0.6937192678451538 -0.6879786849021912
127 0.7058764100074768 -0.6692140102386475
128 0.6929408311843872 -0.6704778075218201
129 0.6502715945243835 -0.6334130764007568
130 0.5046032667160034 -0.47828638553619385
131 0.4540241062641144 -0.4071570336818695
132 0.4772043824195862 -0.4307979941368103
133 0.45194685459136963 -0.4391486942768097
134 0.4616921544075012 -0.44329413771629333
135 0.4566833972930908 -0.4280133545398712
136 0.46636927127838135 -0.4186830520629883
137 0.4671543836593628 -0.43363437056541443
138 0.47741934657096863 -0.41863614320755005
139 0.4000416100025177 -0.39379215240478516
140 0.18845558166503906 -0.27920296788215637
141 0.10001083463430405 -0.2294142246246338
142 0.1309880018234253 -0.22878694534301758
143 0.13342365622520447 -0.24703693389892578
144 0.11718712002038956 -0.2604546844959259
145 0.12406592816114426 -0.23421192169189453
146 0.11252305656671524 -0.2507260739803314
147 0.12931527197360992 -0.26014864444732666
148 0.1168324276804924 -0.2405078262090683
149 0.07756192982196808 -0.24100644886493683
150 -0.05932560935616493 -0.24744248390197754
151 -0.10203015804290771 -0.26395082473754883
152 -0.10977382957935333 -0.26220598816871643
153 -0.11521946638822556 -0.237457275390625
154 -0.09830247610807419 -0.2357841581106186
155 -0.10089664906263351 -0.24415233731269836
156 -0.08843472599983215 -0.25649669766426086
157 -0.11836704611778259 -0.24911637604236603
158 -0.10542319715023041 -0.2519913613796234
159 -0.058989785611629486 -0.17489999532699585
160 0.10138604044914246 0.049734052270650864
161 0.18768329918384552 0.14361076056957245
162 0.17489203810691833 0.11893667280673981
163 0.15327678620815277 0.1159522607922554
164 0.14881815016269684 0.12550625205039978
165 0.15907172858715057 0.13246771693229675
166 0.16682815551757812 0.12515000998973846
167 0.1602563112974167 0.10911514610052109
168 0.17175674438476562 0.10960979014635086
169 0.18742896616458893 0.1631743311882019
170 0.29621627926826477 0.301251083612442
171 0.3657739758491516 0.3562902808189392
172 0.3382378816604614 0.3556000888347626
173 0.34855061769485474 0.33289197087287903
174 0.3539814054965973 0.34147411584854126
175 0.3315845727920532 0.3405977189540863
176 0.33922886848449707 0.3326975107192993
177 0.348666787147522 0.3505582809448242
178 0.3283531069755554 0.35069307684898376
179 0.35978272557258606 0.27422305941581726
180 0.4293409585952759 0.05289171263575554
181 0.4746350944042206 -0.03886520862579346
182 0.45448365807533264 -0.005934372544288635
183 0.47175320982933044 -0.010633105412125587
184 0.46520859003067017 -0.006608758121728897
185 0.47146862745285034 -0.02107410505414009
186 0.45865118503570557 -0.02242722176015377
187 0.44693708419799805 -0.012550600804388523
188 0.4469044506549835 -0.022174576297402382
189 0.4260654151439667 -0.09566804766654968
190 0.35526883602142334 -0.37372225522994995
191 0.33647462725639343 -0.5003412365913391
192 0.35588040947914124 -0.4654169976711273
193 0.34065982699394226 -0.4746952950954437
194 0.3389938175678253 -0.46244528889656067
195 0.34687280654907227 -0.4565591812133789
196 0.32919541001319885 -0.4571593701839447
197 0.35132068395614624 -0.4746721088886261
198 0.32871416211128235 -0.46907323598861694
199 0.29697293043136597 -0.5025806427001953
200 0.166906476020813 -0.6419730186462402
201 0.10835594683885574 -0.7051118612289429
202 0.11161144077777863 -0.6876563429832458
203 0.1294870227575302 -0.6790404915809631
204 0.13008461892604828 -0.689805269241333
205 0.12431671470403671 -0.698901891708374
206 0.11779344081878662 -0.6789495944976807
207 0.13676737248897552 -0.7009644508361816
208 0.14243236184120178 -0.6901137828826904
209 0.14665141701698303 -0.618138313293457
210 0.2553718090057373 -0.4008539319038391
211 0.3170486092567444 -0.31754785776138306
212 0.29453256726264954 -0.34724700450897217
213 0.30821970105171204 -0.3490154445171356
214 0.2954268157482147 -0.326179563999176
215 0.2972395420074463 -0.3382663130760193
216 0.2860144376754761 -0.33416467905044556
217 0.3057585656642914 -0.3323197662830353
218 0.31278929114341736 -0.3408091366291046
219 0.3360629081726074 -0.2477264255285263
220 0.47782325744628906 0.04913198947906494
221 0.5531310439109802 0.16782359778881073
222 0.5301809310913086 0.1324029117822647
223 0.520800769329071 0.13667243719100952
224 0.5300725102424622 0.14760707318782806
225 0.5195441842079163 0.14701491594314575
226 0.5393232703208923 0.1428908407688141
227 0.5470200181007385 0.13562750816345215
228 0.5396944880485535 0.12852534651756287
229 0.5377825498580933 0.2145555168390274
230 0.6089609265327454 0.4709843099117279
231 0.6514636874198914 0.5897587537765503
232 0.6489400267601013 0.5574366450309753
233 0.6556745171546936 0.5444754958152771
234 0.643959105014801 0.5668182969093323
235 0.6317508816719055 0.5630826354026794
236 0.659788966178894 0.5561725497245789
237 0.64360111951828 0.5454532504081726
238 0.6338853240013123 0.552361786365509
239 0.685192883014679 0.5748700499534607
240 0.8248652219772339 0.6517611742019653
241 0.8947343230247498 0.6609381437301636
242 0.8901638984680176 0.6815610527992249
243 0.8794142007827759 0.6566749215126038
244 0.8684384822845459 0.6643645763397217
245 0.8805125951766968 0.6699303984642029
246 0.8782966732978821 0.6856001019477844
247 0.8663700819015503 0.6867416501045227
248 0.8636353611946106 0.6760498285293579
249 0.8449918627738953 0.6391077041625977
250 0.740583062171936 0.5488013029098511
251 0.7059535980224609 0.5231746435165405
252 0.7153366804122925 0.5013315677642822
253 0.7216309905052185 0.5100473761558533
254 0.7248865365982056 0.5206870436668396
255 0.7003637552261353 0.5153617262840271
256 0.7165068984031677 0.5272920727729797
257 0.704873263835907 0.5044642090797424
258 0.703262448310852 0.5314616560935974
259 0.6304499506950378 0.5251229405403137
260 0.3825283646583557 0.5858341455459595
261 0.29156050086021423 0.6457313299179077
262 0.3137153685092926 0.6434722542762756
263 0.32334041595458984 0.6412038207054138
264 0.31071731448173523 0.6152452826499939
265 0.32305434346199036 0.6203891038894653
266 0.32484015822410583 0.6317043304443359
267 0.30435487627983093 0.6278637051582336
268 0.3134019374847412 0.6256194114685059
269 0.23532293736934662 0.6255103945732117
270 -0.01807962916791439 0.6756892800331116
271 -0.12192623317241669 0.7201435565948486
272 -0.09318023175001144 0.7293596863746643
273 -0.09271498769521713 0.7065210938453674
274 -0.0807056650519371 0.7102395296096802
275 -0.07371808588504791 0.723086953163147
276 -0.07992635667324066 0.7330668568611145
277 -0.09888381510972977 0.7160187363624573
278 -0.0861891433596611 0.7203285098075867
279 -0.10282010585069656 0.7708014845848083
280 -0.18208877742290497 0.9296443462371826
281 -0.19825252890586853 1.0
282 -0.19097661972045898 0.9787784218788147
283 -0.22294652462005615 0.9828018546104431
284 -0.20930862426757812 0.9923843741416931
285 -0.21976013481616974 0.995398998260498
286 -0.19847162067890167 0.9864852428436279
287 -0.20287778973579407 0.9721093773841858
288 -0.21440359950065613 0.9761092662811279
289 -0.24027040600776672 0.9356106519699097
290 -0.359657883644104 0.8018181324005127
291 -0.4248013496398926 0.7550128698348999
292 -0.4198582172393799 0.7792733907699585
293 -0.4011417031288147 0.7815861701965332
294 -0.4167572259902954 0.7673428654670715
295 -0.40157145261764526 0.7565552592277527
296 -0.40882837772369385 0.7757667899131775
297 -0.39188864827156067 0.7699095010757446
298 -0.40112170577049255 0.7656876444816589
299 -0.41258078813552856 0.68221515417099
300 -0.4625905752182007 0.4069322347640991
301 -0.5156779289245605 0.3112506866455078
302 -0.5037083029747009 0.34164777398109436
303 -0.4972603917121887 0.3234451115131378
304 -0.4816525876522064 0.3344058394432068
305 -0.5048670768737793 0.33187004923820496
306 -0.4900784194469452 0.33213603496551514
307 -0.48369264602661133 0.31877338886260986
308 -0.4725263714790344 0.31873074173927307
309 -0.510692298412323 0.24505801498889923
310 -0.6201580166816711 -0.013855865225195885
311 -0.6859434843063354 -0.12364780902862549
312 -0.6859991550445557 -0.08246701955795288
313 -0.6744259595870972 -0.09058944880962372
314 -0.6607984304428101 -0.09337118268013
315 -0.6684905290603638 -0.1019609272480011
316 -0.6768590211868286 -0.07573045045137405
317 -0.6660823822021484 -0.08165838569402695
318 -0.6840248107910156 -0.09574711322784424
319 -0.711720883846283 -0.08215569704771042
320 -0.8739544153213501 -0.04143491014838219
321 -0.9502205848693848 -0.009569485671818256
322 -0.9349779486656189 -0.036581795662641525
323 -0.9238780736923218 -0.012069102376699448
324 -0.9166769981384277 -0.034745458513498306
325 -0.9394859075546265 -0.016108939424157143
326 -0.92823326587677 -0.027049090713262558
327 -0.9468023777008057 -0.027282806113362312
328 -0.9154577255249023 -0.021327832713723183
329 -0.9167871475219727 0.03850168734788895
330 -0.9268597960472107 0.23612023890018463
331 -0.9437335133552551 0.33141815662384033
332 -0.9556914567947388 0.31202542781829834
333 -0.9357407689094543 0.30475786328315735
334 -0.961151123046875 0.292749285697937
335 -0.9504038095474243 0.28926825523376465
336 -0.9451479911804199 0.31008920073509216
337 -0.9413555860519409 0.29449015855789185
338 -0.9605494141578674 0.30303966999053955
339 -0.8924962282180786 0.30107754468917847
340 -0.7427932620048523 0.2865103781223297
341 -0.6909704804420471 0.2701997756958008
342 -0.7104915380477905 0.27422916889190674
343 -0.7072974443435669 0.2936103641986847
344 -0.7056400775909424 0.2658592760562897
345 -0.6899484395980835 0.29169580340385437
346 -0.6979483366012573 0.29945752024650574
347 -0.6940657496452332 0.2814542055130005
348 -0.7132481932640076 0.2843109965324402
349 -0.6285766959190369 0.2542099058628082
350 -0.4004572629928589 0.16100727021694183
351 -0.29883480072021484 0.13577616214752197
352 -0.33860698342323303 0.14212022721767426
353 -0.33187320828437805 0.1360706239938736
354 -0.3263229727745056 0.15404382348060608
355 -0.32903197407722473 0.12781526148319244
356 -0.32496967911720276 0.14628151059150696
357 -0.32099753618240356 0.13730743527412415
358 -0.33431389927864075 0.1223691776394844
359 -0.27493688464164734 0.0800723135471344
360 -0.08963567763566971 -0.10238544642925262
361 -0.01279677078127861 -0.19071650505065918
362 -0.03316052258014679 -0.18278434872627258
363 -0.031198440119624138 -0.169546440243721
364 -0.040718935430049896 -0.16331693530082703
365 -0.04510748013854027 -0.17202983796596527
366 -0.037993695586919785 -0.15250559151172638
367 -0.02621980756521225 -0.1528051644563675
368 -0.021509043872356415 -0.1640452742576599
369 0.007948089390993118 -0.1300017237663269
370 0.14190222322940826 -0.02075992524623871
371 0.20837867259979248 0.03550225868821144
372 0.19516125321388245 0.026798095554113388
373 0.18314312398433685 0.028979912400245667
374 0.19383907318115234 0.003518948331475258
375 0.1808818131685257 0.005894059780985117
376 0.19310258328914642 0.015302739106118679
377 0.17742915451526642 0.017888570204377174
378 0.20402517914772034 0.013098103925585747
379 0.12931761145591736 0.03358137607574463
380 -0.06108756735920906 0.07630446553230286
381 -0.15098652243614197 0.10096531361341476
382 -0.13594502210617065 0.09468036890029907
383 -0.11833620816469193 0.07582316547632217
384 -0.12542182207107544 0.10697243362665176
385 -0.12982599437236786 0.08120589703321457
386 -0.12408997118473053 0.09720825403928757
387 -0.11298448592424393 0.08589441329240799
388 -0.11299695819616318 0.09892299771308899
389 -0.1562451273202896 0.05818583816289902
390 -0.26775792241096497 -0.04406018555164337
391 -0.2851104140281677 -0.10479871183633804
392 -0.312666118144989 -0.09186499565839767
393 -0.2818273901939392 -0.09106768667697906
394 -0.3001413345336914 -0.07268074154853821
395 -0.3068684935569763 -0.0813864916563034
396 -0.282527893781662 -0.08157718926668167
397 -0.2993040978908539 -0.09447985142469406
398 -0.28401774168014526 -0.07171235233545303
399 -0.34188956022262573 -0.06663919985294342
400 -0.49030807614326477 -0.01485505886375904
401 -0.566315770149231 0.017814580351114273
402 -0.5355758666992188 0.013958403840661049
403 -0.5484192967414856 0.0030221017077565193
404 -0.5420858263969421 0.023404307663440704
405 -0.5365238785743713 -0.0098424656316638
406 -0.5529853701591492 0.012110586278140545
407 -0.5482446551322937 -0.008603950962424278
408 -0.5370673537254333 0.0013743212912231684
409 -0.5033783316612244 0.01937403529882431
410 -0.36819934844970703 0.05693003907799721
411 -0.30700698494911194 0.055694613605737686
412 -0.33133986592292786 0.060582276433706284
413 -0.32032510638237 0.05867934972047806
414 -0.3215292990207672 0.078502357006073
415 -0.33810093998908997 0.06887827813625336
416 -0.31679248809814453 0.06987633556127548
417 -0.3293817937374115 0.04934952035546303
418 -0.33345460891723633 0.0797547847032547
419 -0.2502204477787018 0.09357482194900513
420 -0.011095813475549221 0.1851838082075119
421 0.09834257513284683 0.2356124371290207
422 0.07883064448833466 0.21020278334617615
423 0.07716437429189682 0.22279386222362518
424 0.06517380475997925 0.22248345613479614
425 0.05354558676481247 0.2267811894416809
426 0.05984121188521385 0.21457822620868683
427 0.06278840452432632 0.23427420854568481
428 0.0723382830619812 0.23451966047286987
429 0.08853648602962494 0.16202743351459503
430 0.15237198770046234 -0.039183542132377625
431 0.18245282769203186 -0.1297866851091385
432 0.1627267301082611 -0.09951522946357727
433 0.1759442239999771 -0.11244919151067734
434 0.18271203339099884 -0.09110787510871887
435 0.16664715111255646 -0.10990285873413086
436 0.18784908950328827 -0.10901045799255371
437 0.18916602432727814 -0.09876284748315811
438 0.17177537083625793 -0.09344464540481567
439 0.12007933855056763 -0.1087685152888298
440 -0.05474621802568436 -0.11686129868030548
441 -0.1420648843050003 -0.11771898716688156
442 -0.10764852166175842 -0.12194367498159409
443 -0.12502916157245636 -0.13124440610408783
444 -0.11712057888507843 -0.10400764644145966
445 -0.10538959503173828 -0.12972889840602875
446 -0.11807745695114136 -0.12604323029518127
447 -0.10807798057794571 -0.11112911254167557
448 -0.12547031044960022 -0.1145496740937233
449 -0.10654909908771515 -0.054189667105674744
450 -0.08674321323633194 0.15281780064105988
451 -0.06213649734854698 0.2449246197938919
452 -0.07573309540748596 0.21946288645267487
453 -0.0707661584019661 0.21181511878967285
454 -0.08375279605388641 0.20970860123634338
455 -0.05959152802824974 0.21352821588516235
456 -0.09268783777952194 0.22283874452114105
457 -0.08502127975225449 0.23238226771354675
458 -0.07092804461717606 0.2300437092781067
459 -0.12296535074710846 0.26429060101509094
460 -0.286321222782135 0.42379966378211975
461 -0.360255628824234 0.5044549107551575
462 -0.3409574329853058 0.488700807094574
463 -0.3539591133594513 0.4855870008468628
464 -0.32721370458602905 0.4812176823616028
465 -0.339811235666275 0.47005078196525574
466 -0.33166587352752686 0.4728027880191803
467 -0.34771060943603516 0.46965697407722473
468 -0.3287470042705536 0.49056461453437805
469 -0.4057582914829254 0.4579087197780609
470 -0.6489177346229553 0.4170917272567749
471 -0.7643448710441589 0.40888506174087524
472 -0.721794068813324 0.4105674624443054
473 -0.7245181202888489 0.4003840386867523
474 -0.7417268753051758 0.42042234539985657
475 -0.7353067994117737 0.3981282413005829
476 -0.7248189449310303 0.4219217896461487
477 -0.7404699325561523 0.40705835819244385
478 -0.7331670522689819 0.41613855957984924
479 -0.7475709319114685 0.32972729206085205
480 -0.8143100738525391 0.06843029707670212
481 -0.8480765223503113 -0.04054670408368111
482 -0.8375667929649353 -0.005797696299850941
483 -0.8500926494598389 -0.01916947215795517
484 -0.8285574913024902 -0.011051136068999767
485 -0.8557080626487732 -0.011224736459553242
486 -0.8476158976554871 -0.004472488537430763
487 -0.8408766984939575 -0.020363008603453636
488 -0.8314920663833618 -0.02202831767499447
489 -0.7966030240058899 -0.09292813390493393
490 -0.6748964786529541 -0.3737666606903076
491 -0.642596960067749 -0.5016390681266785
492 -0.6466041207313538 -0.46348679065704346
493 -0.6363518238067627 -0.4694942533969879
494 -0.6380268931388855 -0.45797064900398254
495 -0.6553524136543274 -0.4602662920951843
496 -0.6461570262908936 -0.4756857752799988
497 -0.6614580750465393 -0.46966949105262756
498 -0.6567436456680298 -0.4781993627548218
499 -0.5741714835166931 -0.5164990425109863

