510
511
(0, 0) (0, 1)
(0, 0) (1, 0)
(0, 1) (0, 2)
(0, 2) (0, 3)
(0, 2) (1, 2)
(0, 3) (0, 4)
(0, 4) (0, 5)
(0, 4) (1, 4)
(0, 5) (0, 6)
(0, 6) (0, 7)
(0, 6) (1, 6)
(0, 7) (0, 8)
(0, 8) (0, 9)
(0, 8) (1, 8)
(0, 9) (0, 10)
(0, 10) (0, 11)
(0, 10) (1, 10)
(0, 11) (0, 12)
(0, 12) (0, 13)
(0, 12) (1, 12)
(0, 13) (0, 14)
(0, 14) (0, 15)
(0, 14) (1, 14)
(0, 15) (0, 16)
(0, 16) (0, 17)
(0, 16) (1, 16)
(0, 17) (0, 18)
(0, 18) (0, 19)
(0, 18) (1, 18)
(0, 19) (0, 20)
(0, 20) (0, 21)
(0, 20) (1, 20)
(0, 21) (0, 22)
(0, 22) (0, 23)
(0, 22) (1, 22)
(0, 23) (0, 24)
(0, 24) (0, 25)
(0, 24) (1, 24)
(0, 25) (0, 26)
(0, 26) (0, 27)
(0, 26) (1, 26)
(0, 27) (0, 28)
(0, 28) (0, 29)
(0, 28) (1, 28)
(0, 29) (0, 30)
(0, 30) (1, 30)
(1, 0) (1, 1)
(1, 1) (1, 2)
(1, 1) (2, 1)
(1, 2) (1, 3)
(1, 3) (1, 4)
(1, 3) (2, 3)
(1, 4) (1, 5)
(1, 5) (1, 6)
(1, 5) (2, 5)
(1, 6) (1, 7)
(1, 7) (1, 8)
(1, 7) (2, 7)
(1, 8) (1, 9)
(1, 9) (1, 10)
(1, 9) (2, 9)
(1, 10) (1, 11)
(1, 11) (1, 12)
(1, 11) (2, 11)
(1, 12) (1, 13)
(1, 13) (1, 14)
(1, 13) (2, 13)
(1, 14) (1, 15)
(1, 15) (1, 16)
(1, 15) (2, 15)
(1, 16) (1, 17)
(1, 17) (1, 18)
(1, 17) (2, 17)
(1, 18) (1, 19)
(1, 19) (1, 20)
(1, 19) (2, 19)
(1, 20) (1, 21)
(1, 21) (1, 22)
(1, 21) (2, 21)
(1, 22) (1, 23)
(1, 23) (1, 24)
(1, 23) (2, 23)
(1, 24) (1, 25)
(1, 25) (1, 26)
(1, 25) (2, 25)
(1, 26) (1, 27)
(1, 27) (1, 28)
(1, 27) (2, 27)
(1, 28) (1, 29)
(1, 29) (1, 30)
(1, 29) (2, 29)
(1, 30) (1, 31)
(1, 31) (2, 31)
(2, 0) (2, 1)
(2, 0) (3, 0)
(2, 1) (2, 2)
(2, 2) (2, 3)
(2, 2) (3, 2)
(2, 3) (2, 4)
(2, 4) (2, 5)
(2, 4) (3, 4)
(2, 5) (2, 6)
(2, 6) (2, 7)
(2, 6) (3, 6)
(2, 7) (2, 8)
(2, 8) (2, 9)
(2, 8) (3, 8)
(2, 9) (2, 10)
(2, 10) (2, 11)
(2, 10) (3, 10)
(2, 11) (2, 12)
(2, 12) (2, 13)
(2, 12) (3, 12)
(2, 13) (2, 14)
(2, 14) (2, 15)
(2, 14) (3, 14)
(2, 15) (2, 16)
(2, 16) (2, 17)
(2, 16) (3, 16)
(2, 17) (2, 18)
(2, 18) (2, 19)
(2, 18) (3, 18)
(2, 19) (2, 20)
(2, 20) (2, 21)
(2, 20) (3, 20)
(2, 21) (2, 22)
(2, 22) (2, 23)
(2, 22) (3, 22)
(2, 23) (2, 24)
(2, 24) (2, 25)
(2, 24) (3, 24)
(2, 25) (2, 26)
(2, 26) (2, 27)
(2, 26) (3, 26)
(2, 27) (2, 28)
(2, 28) (2, 29)
(2, 28) (3, 28)
(2, 29) (2, 30)
(2, 30) (2, 31)
(2, 30) (3, 30)
(3, 0) (3, 1)
(3, 1) (3, 2)
(3, 1) (4, 1)
(3, 2) (3, 3)
(3, 3) (3, 4)
(3, 3) (4, 3)
(3, 4) (3, 5)
(3, 5) (3, 6)
(3, 5) (4, 5)
(3, 6) (3, 7)
(3, 7) (3, 8)
(3, 7) (4, 7)
(3, 8) (3, 9)
(3, 9) (3, 10)
(3, 9) (4, 9)
(3, 10) (3, 11)
(3, 11) (3, 12)
(3, 11) (4, 11)
(3, 12) (3, 13)
(3, 13) (3, 14)
(3, 13) (4, 13)
(3, 14) (3, 15)
(3, 15) (3, 16)
(3, 15) (4, 15)
(3, 16) (3, 17)
(3, 17) (3, 18)
(3, 17) (4, 17)
(3, 18) (3, 19)
(3, 19) (3, 20)
(3, 19) (4, 19)
(3, 20) (3, 21)
(3, 21) (3, 22)
(3, 21) (4, 21)
(3, 22) (3, 23)
(3, 23) (3, 24)
(3, 23) (4, 23)
(3, 24) (3, 25)
(3, 25) (3, 26)
(3, 25) (4, 25)
(3, 26) (3, 27)
(3, 27) (3, 28)
(3, 27) (4, 27)
(3, 28) (3, 29)
(3, 29) (3, 30)
(3, 29) (4, 29)
(3, 30) (3, 31)
(3, 31) (4, 31)
(4, 0) (4, 1)
(4, 0) (5, 0)
(4, 1) (4, 2)
(4, 2) (4, 3)
(4, 2) (5, 2)
(4, 3) (4, 4)
(4, 4) (4, 5)
(4, 4) (5, 4)
(4, 5) (4, 6)
(4, 6) (4, 7)
(4, 6) (5, 6)
(4, 7) (4, 8)
(4, 8) (4, 9)
(4, 8) (5, 8)
(4, 9) (4, 10)
(4, 10) (4, 11)
(4, 10) (5, 10)
(4, 11) (4, 12)
(4, 12) (4, 13)
(4, 12) (5, 12)
(4, 13) (4, 14)
(4, 14) (4, 15)
(4, 14) (5, 14)
(4, 15) (4, 16)
(4, 16) (4, 17)
(4, 16) (5, 16)
(4, 17) (4, 18)
(4, 18) (4, 19)
(4, 18) (5, 18)
(4, 19) (4, 20)
(4, 20) (4, 21)
(4, 20) (5, 20)
(4, 21) (4, 22)
(4, 22) (4, 23)
(4, 22) (5, 22)
(4, 23) (4, 24)
(4, 24) (4, 25)
(4, 24) (5, 24)
(4, 25) (4, 26)
(4, 26) (4, 27)
(4, 26) (5, 26)
(4, 27) (4, 28)
(4, 28) (4, 29)
(4, 28) (5, 28)
(4, 29) (4, 30)
(4, 30) (4, 31)
(4, 30) (5, 30)
(5, 0) (5, 1)
(5, 1) (5, 2)
(5, 1) (6, 1)
(5, 2) (5, 3)
(5, 3) (5, 4)
(5, 3) (6, 3)
(5, 4) (5, 5)
(5, 5) (5, 6)
(5, 5) (6, 5)
(5, 6) (5, 7)
(5, 7) (5, 8)
(5, 7) (6, 7)
(5, 8) (5, 9)
(5, 9) (5, 10)
(5, 9) (6, 9)
(5, 10) (5, 11)
(5, 11) (5, 12)
(5, 11) (6, 11)
(5, 12) (5, 13)
(5, 13) (5, 14)
(5, 13) (6, 13)
(5, 14) (5, 15)
(5, 15) (5, 16)
(5, 15) (6, 15)
(5, 16) (5, 17)
(5, 17) (5, 18)
(5, 17) (6, 17)
(5, 18) (5, 19)
(5, 19) (5, 20)
(5, 19) (6, 19)
(5, 20) (5, 21)
(5, 21) (5, 22)
(5, 21) (6, 21)
(5, 22) (5, 23)
(5, 23) (5, 24)
(5, 23) (6, 23)
(5, 24) (5, 25)
(5, 25) (5, 26)
(5, 25) (6, 25)
(5, 26) (5, 27)
(5, 27) (5, 28)
(5, 27) (6, 27)
(5, 28) (5, 29)
(5, 29) (5, 30)
(5, 29) (6, 29)
(5, 30) (5, 31)
(5, 31) (6, 31)
(6, 0) (6, 1)
(6, 0) (7, 0)
(6, 1) (6, 2)
(6, 2) (6, 3)
(6, 2) (7, 2)
(6, 3) (6, 4)
(6, 4) (6, 5)
(6, 4) (7, 4)
(6, 5) (6, 6)
(6, 6) (6, 7)
(6, 6) (7, 6)
(6, 7) (6, 8)
(6, 8) (6, 9)
(6, 8) (7, 8)
(6, 9) (6, 10)
(6, 10) (6, 11)
(6, 10) (7, 10)
(6, 11) (6, 12)
(6, 12) (6, 13)
(6, 12) (7, 12)
(6, 13) (6, 14)
(6, 14) (6, 15)
(6, 14) (7, 14)
(6, 15) (6, 16)
(6, 16) (6, 17)
(6, 16) (7, 16)
(6, 17) (6, 18)
(6, 18) (6, 19)
(6, 18) (7, 18)
(6, 19) (6, 20)
(6, 20) (6, 21)
(6, 20) (7, 20)
(6, 21) (6, 22)
(6, 22) (6, 23)
(6, 22) (7, 22)
(6, 23) (6, 24)
(6, 24) (6, 25)
(6, 24) (7, 24)
(6, 25) (6, 26)
(6, 26) (6, 27)
(6, 26) (7, 26)
(6, 27) (6, 28)
(6, 28) (6, 29)
(6, 28) (7, 28)
(6, 29) (6, 30)
(6, 30) (6, 31)
(6, 30) (7, 30)
(7, 0) (7, 1)
(7, 1) (7, 2)
(7, 1) (8, 1)
(7, 2) (7, 3)
(7, 3) (7, 4)
(7, 3) (8, 3)
(7, 4) (7, 5)
(7, 5) (7, 6)
(7, 5) (8, 5)
(7, 6) (7, 7)
(7, 7) (7, 8)
(7, 7) (8, 7)
(7, 8) (7, 9)
(7, 9) (7, 10)
(7, 9) (8, 9)
(7, 10) (7, 11)
(7, 11) (7, 12)
(7, 11) (8, 11)
(7, 12) (7, 13)
(7, 13) (7, 14)
(7, 13) (8, 13)
(7, 14) (7, 15)
(7, 15) (7, 16)
(7, 15) (8, 15)
(7, 16) (7, 17)
(7, 17) (7, 18)
(7, 17) (8, 17)
(7, 18) (7, 19)
(7, 19) (7, 20)
(7, 19) (8, 19)
(7, 20) (7, 21)
(7, 21) (7, 22)
(7, 21) (8, 21)
(7, 22) (7, 23)
(7, 23) (7, 24)
(7, 23) (8, 23)
(7, 24) (7, 25)
(7, 25) (7, 26)
(7, 25) (8, 25)
(7, 26) (7, 27)
(7, 27) (7, 28)
(7, 27) (8, 27)
(7, 28) (7, 29)
(7, 29) (7, 30)
(7, 29) (8, 29)
(7, 30) (7, 31)
(7, 31) (8, 31)
(8, 0) (8, 1)
(8, 0) (9, 0)
(8, 1) (8, 2)
(8, 2) (8, 3)
(8, 2) (9, 2)
(8, 3) (8, 4)
(8, 4) (8, 5)
(8, 4) (9, 4)
(8, 5) (8, 6)
(8, 6) (8, 7)
(8, 6) (9, 6)
(8, 7) (8, 8)
(8, 8) (8, 9)
(8, 8) (9, 8)
(8, 9) (8, 10)
(8, 10) (8, 11)
(8, 10) (9, 10)
(8, 11) (8, 12)
(8, 12) (8, 13)
(8, 12) (9, 12)
(8, 13) (8, 14)
(8, 14) (8, 15)
(8, 14) (9, 14)
(8, 15) (8, 16)
(8, 16) (8, 17)
(8, 16) (9, 16)
(8, 17) (8, 18)
(8, 18) (8, 19)
(8, 18) (9, 18)
(8, 19) (8, 20)
(8, 20) (8, 21)
(8, 20) (9, 20)
(8, 21) (8, 22)
(8, 22) (8, 23)
(8, 22) (9, 22)
(8, 23) (8, 24)
(8, 24) (8, 25)
(8, 24) (9, 24)
(8, 25) (8, 26)
(8, 26) (8, 27)
(8, 26) (9, 26)
(8, 27) (8, 28)
(8, 28) (8, 29)
(8, 28) (9, 28)
(8, 29) (8, 30)
(8, 30) (8, 31)
(8, 30) (9, 30)
(9, 0) (9, 1)
(9, 1) (9, 2)
(9, 1) (10, 1)
(9, 2) (9, 3)
(9, 3) (9, 4)
(9, 3) (10, 3)
(9, 4) (9, 5)
(9, 5) (9, 6)
(9, 5) (10, 5)
(9, 6) (9, 7)
(9, 7) (9, 8)
(9, 7) (10, 7)
(9, 8) (9, 9)
(9, 9) (9, 10)
(9, 9) (10, 9)
(9, 10) (9, 11)
(9, 11) (9, 12)
(9, 11) (10, 11)
(9, 12) (9, 13)
(9, 13) (9, 14)
(9, 13) (10, 13)
(9, 14) (9, 15)
(9, 15) (9, 16)
(9, 15) (10, 15)
(9, 16) (9, 17)
(9, 17) (9, 18)
(9, 17) (10, 17)
(9, 18) (9, 19)
(9, 19) (9, 20)
(9, 19) (10, 19)
(9, 20) (9, 21)
(9, 21) (9, 22)
(9, 21) (10, 21)
(9, 22) (9, 23)
(9, 23) (9, 24)
(9, 23) (10, 23)
(9, 24) (9, 25)
(9, 25) (9, 26)
(9, 25) (10, 25)
(9, 26) (9, 27)
(9, 27) (9, 28)
(9, 27) (10, 27)
(9, 28) (9, 29)
(9, 29) (9, 30)
(9, 29) (10, 29)
(9, 30) (9, 31)
(9, 31) (10, 31)
(10, 0) (10, 1)
(10, 0) (11, 0)
(10, 1) (10, 2)
(10, 2) (10, 3)
(10, 2) (11, 2)
(10, 3) (10, 4)
(10, 4) (10, 5)
(10, 4) (11, 4)
(10, 5) (10, 6)
(10, 6) (10, 7)
(10, 6) (11, 6)
(10, 7) (10, 8)
(10, 8) (10, 9)
(10, 8) (11, 8)
(10, 9) (10, 10)
(10, 10) (10, 11)
(10, 10) (11, 10)
(10, 11) (10, 12)
(10, 12) (10, 13)
(10, 12) (11, 12)
(10, 13) (10, 14)
(10, 14) (10, 15)
(10, 14) (11, 14)
(10, 15) (10, 16)
(10, 16) (10, 17)
(10, 16) (11, 16)
(10, 17) (10, 18)
(10, 18) (10, 19)
(10, 18) (11, 18)
(10, 19) (10, 20)
(10, 20) (10, 21)
(10, 20) (11, 20)
(10, 21) (10, 22)
(10, 22) (10, 23)
(10, 22) (11, 22)
(10, 23) (10, 24)
(10, 24) (10, 25)
(10, 24) (11, 24)
(10, 25) (10, 26)
(10, 26) (10, 27)
(10, 26) (11, 26)
(10, 27) (10, 28)
(10, 28) (10, 29)
(10, 28) (11, 28)
(10, 29) (10, 30)
(10, 30) (10, 31)
(10, 30) (11, 30)
(11, 0) (11, 1)
(11, 1) (11, 2)
(11, 1) (12, 1)
(11, 2) (11, 3)
(11, 3) (11, 4)
(11, 3) (12, 3)
(11, 4) (11, 5)
(11, 5) (11, 6)
(11, 5) (12, 5)
(11, 6) (11, 7)
(11, 7) (11, 8)
(11, 7) (12, 7)
(11, 8) (11, 9)
(11, 9) (11, 10)
(11, 9) (12, 9)
(11, 10) (11, 11)
(11, 11) (11, 12)
(11, 11) (12, 11)
(11, 12) (11, 13)
(11, 13) (11, 14)
(11, 13) (12, 13)
(11, 14) (11, 15)
(11, 15) (11, 16)
(11, 15) (12, 15)
(11, 16) (11, 17)
(11, 17) (11, 18)
(11, 17) (12, 17)
(11, 18) (11, 19)
(11, 19) (11, 20)
(11, 19) (12, 19)
(11, 20) (11, 21)
(11, 21) (11, 22)
(11, 21) (12, 21)
(11, 22) (11, 23)
(11, 23) (11, 24)
(11, 23) (12, 23)
(11, 24) (11, 25)
(11, 25) (11, 26)
(11, 25) (12, 25)
(11, 26) (11, 27)
(11, 27) (11, 28)
(11, 27) (12, 27)
(11, 28) (11, 29)
(11, 29) (11, 30)
(11, 29) (12, 29)
(11, 30) (11, 31)
(11, 31) (12, 31)
(12, 0) (12, 1)
(12, 0) (13, 0)
(12, 1) (12, 2)
(12, 2) (12, 3)
(12, 2) (13, 2)
(12, 3) (12, 4)
(12, 4) (12, 5)
(12, 4) (13, 4)
(12, 5) (12, 6)
(12, 6) (12, 7)
(12, 6) (13, 6)
(12, 7) (12, 8)
(12, 8) (12, 9)
(12, 8) (13, 8)
(12, 9) (12, 10)
(12, 10) (12, 11)
(12, 10) (13, 10)
(12, 11) (12, 12)
(12, 12) (12, 13)
(12, 12) (13, 12)
(12, 13) (12, 14)
(12, 14) (12, 15)
(12, 14) (13, 14)
(12, 15) (12, 16)
(12, 16) (12, 17)
(12, 16) (13, 16)
(12, 17) (12, 18)
(12, 18) (12, 19)
(12, 18) (13, 18)
(12, 19) (12, 20)
(12, 20) (12, 21)
(12, 20) (13, 20)
(12, 21) (12, 22)
(12, 22) (12, 23)
(12, 22) (13, 22)
(12, 23) (12, 24)
(12, 24) (12, 25)
(12, 24) (13, 24)
(12, 25) (12, 26)
(12, 26) (12, 27)
(12, 26) (13, 26)
(12, 27) (12, 28)
(12, 28) (12, 29)
(12, 28) (13, 28)
(12, 29) (12, 30)
(12, 30) (12, 31)
(12, 30) (13, 30)
(13, 0) (13, 1)
(13, 1) (13, 2)
(13, 1) (14, 1)
(13, 2) (13, 3)
(13, 3) (13, 4)
(13, 3) (14, 3)
(13, 4) (13, 5)
(13, 5) (13, 6)
(13, 5) (14, 5)
(13, 6) (13, 7)
(13, 7) (13, 8)
(13, 7) (14, 7)
(13, 8) (13, 9)
(13, 9) (13, 10)
(13, 9) (14, 9)
(13, 10) (13, 11)
(13, 11) (13, 12)
(13, 11) (14, 11)
(13, 12) (13, 13)
(13, 13) (13, 14)
(13, 13) (14, 13)
(13, 14) (13, 15)
(13, 15) (13, 16)
(13, 15) (14, 15)
(13, 16) (13, 17)
(13, 17) (13, 18)
(13, 17) (14, 17)
(13, 18) (13, 19)
(13, 19) (13, 20)
(13, 19) (14, 19)
(13, 20) (13, 21)
(13, 21) (13, 22)
(13, 21) (14, 21)
(13, 22) (13, 23)
(13, 23) (13, 24)
(13, 23) (14, 23)
(13, 24) (13, 25)
(13, 25) (13, 26)
(13, 25) (14, 25)
(13, 26) (13, 27)
(13, 27) (13, 28)
(13, 27) (14, 27)
(13, 28) (13, 29)
(13, 29) (13, 30)
(13, 29) (14, 29)
(13, 30) (13, 31)
(13, 31) (14, 31)
(14, 0) (14, 1)
(14, 0) (15, 0)
(14, 1) (14, 2)
(14, 2) (14, 3)
(14, 2) (15, 2)
(14, 3) (14, 4)
(14, 4) (14, 5)
(14, 4) (15, 4)
(14, 5) (14, 6)
(14, 6) (14, 7)
(14, 6) (15, 6)
(14, 7) (14, 8)
(14, 8) (14, 9)
(14, 8) (15, 8)
(14, 9) (14, 10)
(14, 10) (14, 11)
(14, 10) (15, 10)
(14, 11) (14, 12)
(14, 12) (14, 13)
(14, 12) (15, 12)
(14, 13) (14, 14)
(14, 14) (14, 15)
(14, 14) (15, 14)
(14, 15) (14, 16)
(14, 16) (14, 17)
(14, 16) (15, 16)
(14, 17) (14, 18)
(14, 18) (14, 19)
(14, 18) (15, 18)
(14, 19) (14, 20)
(14, 20) (14, 21)
(14, 20) (15, 20)
(14, 21) (14, 22)
(14, 22) (14, 23)
(14, 22) (15, 22)
(14, 23) (14, 24)
(14, 24) (14, 25)
(14, 24) (15, 24)
(14, 25) (14, 26)
(14, 26) (14, 27)
(14, 26) (15, 26)
(14, 27) (14, 28)
(14, 28) (14, 29)
(14, 28) (15, 28)
(14, 29) (14, 30)
(14, 30) (14, 31)
(14, 30) (15, 30)
(15, 0) (15, 1)
(15, 1) (15, 2)
(15, 2) (15, 3)
(15, 3) (15, 4)
(15, 4) (15, 5)
(15, 5) (15, 6)
(15, 6) (15, 7)
(15, 7) (15, 8)
(15, 8) (15, 9)
(15, 9) (15, 10)
(15, 10) (15, 11)
(15, 11) (15, 12)
(15, 12) (15, 13)
(15, 13) (15, 14)
(15, 14) (15, 15)
(15, 15) (15, 16)
(15, 16) (15, 17)
(15, 17) (15, 18)
(15, 18) (15, 19)
(15, 19) (15, 20)
(15, 20) (15, 21)
(15, 21) (15, 22)
(15, 22) (15, 23)
(15, 23) (15, 24)
(15, 24) (15, 25)
(15, 25) (15, 26)
(15, 26) (15, 27)
(15, 27) (15, 28)
(15, 28) (15, 29)
(15, 29) (15, 30)

(0, 0) -0.8893974881459138 -0.780820607700251
(0, 1) -0.9111028274896026 -0.7180461354049301
(0, 2) -0.8683473686366525 -0.6706634820228524
(0, 3) -0.8893083995180008 -0.6064688386113299
(0, 4) -0.847986056802723 -0.5565035980228016
(0, 5) -0.8688438589404983 -0.4924472376216822
(0, 6) -0.8279003123468407 -0.44146792995108525
(0, 7) -0.8487546385980723 -0.37762346447558504
(0, 8) -0.80813522305344 -0.3259724219315711
(0, 9) -0.8290949406259197 -0.2623708104994351
(0, 10) -0.7888415679575199 -0.21014939566482527
(0, 11) -0.810004723955627 -0.14680202682862975
(0, 12) -0.7701754163648633 -0.0940420373019998
(0, 13) -0.791644384330316 -0.030970433643583598
(0, 14) -0.7522845175567786 0.022329871075529934
(0, 15) -0.7741821578313152 0.08509099324837782
(0, 16) -0.7353108009830274 0.13893446004826604
(0, 17) -0.7577317235504533 0.20134885792550716
(0, 18) -0.719231932942046 0.25565372453795826
(0, 19) -0.742259576620292 0.31768264067080504
(0, 20) -0.7040141219397326 0.3723634486774692
(0, 21) -0.7276233262649479 0.4339938206688234
(0, 22) -0.6895326922263217 0.4889895055617062
(0, 23) -0.7136873921551565 0.5501919036416525
(0, 24) -0.6756637788938329 0.6054552326218045
(0, 25) -0.7003395993478655 0.6661543606984369
(0, 26) -0.6622935245373205 0.7216381776786668
(0, 27) -0.6875316599924606 0.7816484876894433
(0, 28) -0.6493403217420085 0.8372478909493045
(0, 29) -0.6754033161995949 0.896037858577681
(0, 30) -0.6357261887116413 0.9501569699438446
(1, 0) -0.8258947107278032 -0.7868294756160739
(1, 1) -0.7777098076407502 -0.7444595862063308
(1, 2) -0.8017605850251145 -0.679807127665302
(1, 3) -0.7574161499805336 -0.6304500369898353
(1, 4) -0.7809185908077555 -0.5657420419255225
(1, 5) -0.7371440101997608 -0.515266958540762
(1, 6) -0.7606356852073544 -0.4507772315489116
(1, 7) -0.7172381700989119 -0.39962042595034425
(1, 8) -0.7407971577902073 -0.33537663421560265
(1, 9) -0.6977871086627091 -0.2836353448242181
(1, 10) -0.7214838737391763 -0.21963663372214798
(1, 11) -0.678907311097003 -0.16732898395444185
(1, 12) -0.7028184187456671 -0.10358175401760514
(1, 13) -0.6607192133012045 -0.05070727446939951
(1, 14) -0.6849380203289211 0.012764700334821136
(1, 15) -0.6433252633063606 0.0662067558307728
(1, 16) -0.6679663033416392 0.1293626925064911
(1, 17) -0.6267248855611295 0.18327629101150564
(1, 18) -0.6518858513717988 0.246077893240716
(1, 19) -0.6108961640435937 0.30037056330124007
(1, 20) -0.6366665918547751 0.3627703947559536
(1, 21) -0.5958423795807982 0.4173845312464417
(1, 22) -0.6222044494878397 0.4793764202530496
(1, 23) -0.5814734919570621 0.5342735494471209
(1, 24) -0.6083924092174525 0.5958435113241302
(1, 25) -0.5676855496594677 0.6509945349416568
(1, 26) -0.5951531099132029 0.7121005389559878
(1, 27) -0.5543783189451217 0.7674192697885689
(1, 28) -0.5825496586323027 0.8279171717632774
(1, 29) -0.5411785608488903 0.8827851276286033
(1, 30) -0.5709435846283204 0.9418227138669536
(1, 31) -0.5295647969602314 0.9940139765041186
(2, 0) -0.6832162696438453 -0.8156398825553728
(2, 1) -0.7114433669098353 -0.7546778769641512
(2, 2) -0.6655522295318246 -0.7056291709897429
(2, 3) -0.6899530497720294 -0.6411461674207275
(2, 4) -0.6454558043480764 -0.5905909480361882
(2, 5) -0.6693631322208046 -0.5258833075265342
(2, 6) -0.6254252757518207 -0.474630815329747
(2, 7) -0.6493020851637934 -0.41007419383242255
(2, 8) -0.6058105089180925 -0.3582634010074672
(2, 9) -0.6297719032022676 -0.2939208169158315
(2, 10) -0.5867455772522897 -0.24156814182451344
(2, 11) -0.6108584330127528 -0.17744950969932724
(2, 12) -0.5683204754509601 -0.12453806570490521
(2, 13) -0.5926558391954344 -0.06065307878583608
(2, 14) -0.5506179459947449 -0.0071783075314402
(2, 15) -0.5752509892814025 0.05644136399317198
(2, 16) -0.5335819950177186 0.11038091501476976
(2, 17) -0.5586229046663361 0.17369887699434874
(2, 18) -0.517201356680115 0.22800444117673904
(2, 19) -0.5427604619545496 0.2909682123492655
(2, 20) -0.5014980668092062 0.3455794689064117
(2, 21) -0.5276844570942311 0.4081537970191309
(2, 22) -0.4865238310519551 0.46302205691360104
(2, 23) -0.5133251720304088 0.5252097749562543
(2, 24) -0.4722020984367981 0.5802971494003788
(2, 25) -0.4996086665710647 0.6420919942466471
(2, 26) -0.45840987605472555 0.6973014245411714
(2, 27) -0.48647625073757034 0.758641497102424
(2, 28) -0.44481389508319513 0.8136312751397643
(2, 29) -0.4737503249405117 0.8741648505530372
(2, 30) -0.43150689854195134 0.9286624073843527
(2, 31) -0.4651286577670521 0.984231970034792
(3, 0) -0.6186925836770575 -0.8251225548864182
(3, 1) -0.5713297043484024 -0.7800571558095519
(3, 2) -0.5980896393142003 -0.7164518587610716
(3, 3) -0.5530565556791335 -0.6659910219999443
(3, 4) -0.5777108417132527 -0.6015536684963418
(3, 5) -0.5334296230627217 -0.5501428546455438
(3, 6) -0.5575022797080041 -0.4855144829435249
(3, 7) -0.5137941679278734 -0.4335210020957044
(3, 8) -0.5377767910617761 -0.3689658616372342
(3, 9) -0.49459805418906805 -0.31643996280289566
(3, 10) -0.5186425222134912 -0.2520469346912744
(3, 11) -0.476001691111833 -0.19898160377047278
(3, 12) -0.5001894249252293 -0.13476446115872023
(3, 13) -0.4580772147871532 -0.08115021616148549
(3, 14) -0.48246046773300566 -0.01714399278700487
(3, 15) -0.4407280388969025 0.03692248964126955
(3, 16) -0.465390583493568 0.10068708015259423
(3, 17) -0.42389789189166865 0.15509727818271188
(3, 18) -0.44896250513722447 0.21857078944526862
(3, 19) -0.40761383901740506 0.27325564468743196
(3, 20) -0.43321616610959296 0.33639500163780134
(3, 21) -0.3919532494421773 0.39129706380110424
(3, 22) -0.41821675110587025 0.45406949391479307
(3, 23) -0.37698026053135747 0.5091363519226506
(3, 24) -0.4039085407182686 0.5715456948013904
(3, 25) -0.3625809912251286 0.6266792025491968
(3, 26) -0.3901866976886654 0.6887116154296663
(3, 27) -0.3484666008504543 0.743657155159415
(3, 28) -0.3768325939846769 0.8051930823335233
(3, 29) -0.3346122159833984 0.8596384391487347
(3, 30) -0.3646436788731063 0.9201595679924846
(3, 31) -0.32005317582706877 0.9701701355532462
(4, 0) -0.4754412414296585 -0.850949414821117
(4, 1) -0.5047493517260714 -0.7907574448576542
(4, 2) -0.4591164076923626 -0.7405709247780503
(4, 3) -0.48531498288945063 -0.6768804398296784
(4, 4) -0.44075031546464793 -0.6253791846985375
(4, 5) -0.4655295356503922 -0.5610389227083831
(4, 6) -0.42162022533605226 -0.5088570064375574
(4, 7) -0.44581447985456085 -0.44432231209409123
(4, 8) -0.40251822675916693 -0.39159354291445553
(4, 9) -0.42656251582899496 -0.32706920724288197
(4, 10) -0.3838679906788941 -0.27380517634997215
(4, 11) -0.40793348798211904 -0.20937493215355207
(4, 12) -0.3658231380504125 -0.15557286754735108
(4, 13) -0.3899839311236327 -0.09127397136905067
(4, 14) -0.34828315079216765 -0.037044488056462634
(4, 15) -0.3726080176240189 0.027076289642566777
(4, 16) -0.3311435124056269 0.081623624016523
(4, 17) -0.3557302031909947 0.1455273469711005
(4, 18) -0.314395882088158 0.20030959034947488
(4, 19) -0.3394004035937831 0.26394967784553003
(4, 20) -0.2981252053283225 0.3189013854091586
(4, 21) -0.32369320507617944 0.38223257795818827
(4, 22) -0.28241260441038735 0.4372921128704745
(4, 23) -0.3086974453659065 0.5002718780362573
(4, 24) -0.2673054384237301 0.555336842951655
(4, 25) -0.29431900706841263 0.6179643322832868
(4, 26) -0.25256146513831124 0.6728250092951651
(4, 27) -0.28032156782133877 0.7350495529260209
(4, 28) -0.2379883669277747 0.7894669955194842
(4, 29) -0.2667269457062724 0.8509989555542697
(4, 30) -0.22286573442401536 0.9040964343639447
(4, 31) -0.25513232484242576 0.9613335129221292
(5, 0) -0.410626633392137 -0.860765275851985
(5, 1) -0.36388287145480935 -0.8142214391732994
(5, 2) -0.39152597685046775 -0.7512199777780623
(5, 3) -0.3468102716549245 -0.6998237580424901
(5, 4) -0.3728690785204139 -0.6360490001078393
(5, 5) -0.32879343559576163 -0.5837613512716027
(5, 6) -0.35366907391631025 -0.519517733002422
(5, 7) -0.3102380138353753 -0.4666215846822629
(5, 8) -0.3345395678101028 -0.4021662294230165
(5, 9) -0.29177931040346916 -0.34872487703048055
(5, 10) -0.315880803295625 -0.2842199910741166
(5, 11) -0.2737683865638267 -0.23022944337040877
(5, 12) -0.2978244659574556 -0.16576990321328797
(5, 13) -0.256159491193046 -0.1113653985422811
(5, 14) -0.2802621017286375 -0.047006050295323634
(5, 15) -0.23884626750844265 0.007683586021794511
(5, 16) -0.2630888934075646 0.07190669970169367
(5, 17) -0.22179982467751203 0.12678684596426046
(5, 18) -0.2462977870914086 0.19082545696923334
(5, 19) -0.2050415605362153 0.24582875924354966
(5, 20) -0.22997219179057243 0.3096358369719332
(5, 21) -0.18867693462543228 0.36468883210156133
(5, 22) -0.2142106400078904 0.4282055751484291
(5, 23) -0.17276350231758772 0.48320836051187016
(5, 24) -0.19907255943452729 0.5463792479826449
(5, 25) -0.15726705786013156 0.6011456993734962
(5, 26) -0.18435281196312023 0.6639542651158751
(5, 27) -0.14198085571072303 0.7182873019174738
(5, 28) -0.16991284326471054 0.7806283564712021
(5, 29) -0.1265395584210638 0.8339951289475054
(5, 30) -0.15588006902729087 0.8953998294939255
(5, 31) -0.11053910300784581 0.9444460980853623
(6, 0) -0.267042492972831 -0.883982528237813
(6, 1) -0.2971348639151344 -0.824484803972035
(6, 2) -0.2519102053363563 -0.7733790450092107
(6, 3) -0.27897546077133956 -0.7102392485557877
(6, 4) -0.2348120593765312 -0.6579052574790292
(6, 5) -0.2607998626199249 -0.5941612175454222
(6, 6) -0.21727686249821404 -0.5411553653174449
(6, 7) -0.24224828462353665 -0.47699752395722356
(6, 8) -0.19941530650950232 -0.42340832014749963
(6, 9) -0.2238167211376429 -0.3590204873761025
(6, 10) -0.18169221430564308 -0.3048636315005996
(6, 11) -0.2058304118909533 -0.24039328636954155
(6, 12) -0.1641824326965442 -0.18582775422041456
(6, 13) -0.18821960024170312 -0.12136100599379714
(6, 14) -0.14684844267888572 -0.06654687522213519
(6, 15) -0.1708942543734708 -0.002137110370249319
(6, 16) -0.12964326306716717 0.052829837765912324
(6, 17) -0.1538106545662439 0.11714106741702333
(6, 18) -0.112587304259072 0.1721800462546802
(6, 19) -0.13701009990967686 0.236348237963434
(6, 20) -0.09571190510149702 0.2913917598131855
(6, 21) -0.12058683413337176 0.3553434009716284
(6, 22) -0.07910589763355624 0.4102858647194362
(6, 23) -0.104619720327933 0.47396537051966436
(6, 24) -0.06276466958236178 0.5286400073984932
(6, 25) -0.08910013165351208 0.5919647897171948
(6, 26) -0.04669552510834131 0.6462061303860508
(6, 27) -0.07386689699213066 0.7091299108433209
(6, 28) -0.030590424104798706 0.7626253670671794
(6, 29) -0.05868130738847847 0.8248844112605702
(6, 30) -0.014177268975059713 0.8771713744493159
(6, 31) -0.045481594349094545 0.9354733196278225
(7, 0) -0.20208435420162763 -0.8935349719898961
(7, 1) -0.15590166667112546 -0.8458775540165663
(7, 2) -0.18422022541566888 -0.7834559160739953
(7, 3) -0.13994170604301456 -0.7312482484057352
(7, 4) -0.1668446538885161 -0.6680086536645657
(7, 5) -0.12327350381122813 -0.6149370210140872
(7, 6) -0.14924724329328667 -0.5512521664043424
(7, 7) -0.10636561812999623 -0.49755560583477143
(7, 8) -0.13142776324639285 -0.4334820842968569
(7, 9) -0.08929174803810427 -0.37919121717613863
(7, 10) -0.11375800729088009 -0.31488119467560627
(7, 11) -0.07212402707143703 -0.2601863706361354
(7, 12) -0.0962833848205485 -0.19576149700212497
(7, 13) -0.054930512449051346 -0.14084625854558444
(7, 14) -0.07894629328071 -0.0763872199449947
(7, 15) -0.03772549297539893 -0.021361531143046886
(7, 16) -0.061734221630495634 0.04307851796421426
(7, 17) -0.020523918154862614 0.09814133668280181
(7, 18) -0.04463927492800876 0.16251697016109282
(7, 19) -0.003346960436631555 0.21753385094473393
(7, 20) -0.02772093161900672 0.2818056030948508
(7, 21) 0.0137795032476004 0.3366748670333114
(7, 22) -0.011055809337650109 0.4007552663183963
(7, 23) 0.030833729447192152 0.4553357695798418
(7, 24) 0.005348185266012681 0.5191462708951016
(7, 25) 0.04779115297156577 0.5732866205663136
(7, 26) 0.021434882283573615 0.6367223146647276
(7, 27) 0.06464941614729855 0.6902057300045381
(7, 28) 0.03740874471710096 0.7531768052519974
(7, 29) 0.08141636142601959 0.8057675844626361
(7, 30) 0.05276767638934557 0.8678760645148557
(7, 31) 0.09867956522184165 0.9160076741709611
(8, 0) -0.05817114464950603 -0.9142534536458734
(8, 1) -0.08903672472899617 -0.8555039400195521
(8, 2) -0.0442583233953344 -0.8036042187674384
(8, 3) -0.07201350248340166 -0.7410272689486077
(8, 4) -0.028364915440208766 -0.6879447404343475
(8, 5) -0.055195779747114204 -0.6247376822554552
(8, 6) -0.012312299417382818 -0.5709642477151781
(8, 7) -0.03830478638169091 -0.5073538876659925
(8, 8) 0.003810051154168717 -0.4529528629748603
(8, 9) -0.021298105643180153 -0.3889786894281095
(8, 10) 0.020316714708910836 -0.334186710400453
(8, 11) -0.004201751848502111 -0.26996036663207595
(8, 12) 0.03714838323683593 -0.21497323514058866
(8, 13) 0.012967080896358413 -0.1506207504854236
(8, 14) 0.054192787043325814 -0.0955540632916609
(8, 15) 0.030166525474935025 -0.031134760461924184
(8, 16) 0.07137693208330226 0.02391443768600069
(8, 17) 0.04737337263285191 0.08836668052957519
(8, 18) 0.088670944731535 0.14332560971723363
(8, 19) 0.06457393734146635 0.2077554005412604
(8, 20) 0.10608815766027699 0.2625413721408799
(8, 21) 0.08175061031721266 0.32688913000241876
(8, 22) 0.1236532011300694 0.38136176484718765
(8, 23) 0.09886192014449283 0.44554244670399373
(8, 24) 0.14131305737958644 0.49957228129237885
(8, 25) 0.11586598404860649 0.5634861607696607
(8, 26) 0.15904641240328507 0.6169112181395919
(8, 27) 0.1326739411694881 0.6804126087737553
(8, 28) 0.1765716310895788 0.7331424335248606
(8, 29) 0.14918646302425065 0.7960111121212883
(8, 30) 0.19419169550135762 0.8475162530284567
(8, 31) 0.163721430391319 0.9066440771692825
(9, 0) 0.00684224139645434 -0.9234123924501145
(9, 1) 0.05249549581149016 -0.8748180097642506
(9, 2) 0.023523995426910627 -0.8130323476438104
(9, 3) 0.06730086823672045 -0.7600897815618829
(9, 4) 0.039693966851558654 -0.697423516758609
(9, 5) 0.0826065684676792 -0.6435991891908018
(9, 6) 0.05580182810132403 -0.5804694753571141
(9, 7) 0.09785901492838239 -0.5259602071224161
(9, 8) 0.07188057960063708 -0.46246527405297433
(9, 9) 0.113452154840325 -0.4075721170296954
(9, 10) 0.08831506448646699 -0.34374053737364657
(9, 11) 0.12966170254159423 -0.28868687242343477
(9, 12) 0.10509988070395342 -0.22459633490454733
(9, 13) 0.14634115088942184 -0.16952750245305642
(9, 14) 0.12211149314127545 -0.10526709316955056
(9, 15) 0.1633487942457634 -0.050255382523568724
(9, 16) 0.13928120845426004 0.014112499701716893
(9, 17) 0.18060707271155355 0.06899646532858486
(9, 18) 0.1565829542236944 0.1334308417868487
(9, 19) 0.19811478033194305 0.18810115618407378
(9, 20) 0.17402126349285915 0.25255764127100194
(9, 21) 0.21592756394559096 0.3068974443949464
(9, 22) 0.1916292838938666 0.37130961424724157
(9, 23) 0.2340695970613855 0.42520612722074835
(9, 24) 0.20933738173342842 0.48946720490198375
(9, 25) 0.25246691988862935 0.5427912717638201
(9, 26) 0.2270851848612593 0.6067913992483137
(9, 27) 0.2709031120941646 0.6594954687211724
(9, 28) 0.24447491757458048 0.7230260757461555
(9, 29) 0.2889872612234778 0.7748327646207666
(9, 30) 0.26103988863188055 0.8375502336271978
(9, 31) 0.3075191422636225 0.8846543887779492
(10, 0) 0.1511426084297276 -0.9416414479363986
(10, 1) 0.11942778881749645 -0.8838014592356438
(10, 2) 0.16371911181909032 -0.831155960067266
(10, 3) 0.13531733343899177 -0.7692323726483653
(10, 4) 0.1783077507987556 -0.7153993421950262
(10, 5) 0.1507710891780944 -0.6528014553684842
(10, 6) 0.19275939586410631 -0.5981803684176467
(10, 7) 0.16601320362395866 -0.5351871650839484
(10, 8) 0.20750957007089213 -0.4802029372399164
(10, 9) 0.1815615932312947 -0.41686764331800963
(10, 10) 0.2228762332001154 -0.36178309997756153
(10, 11) 0.19770354713530308 -0.29810591146189164
(10, 12) 0.23896836724907874 -0.24304727754808586
(10, 13) 0.21433975089464266 -0.17910460375604356
(10, 14) 0.2556230433673485 -0.1241515243254278
(10, 15) 0.2313155587385848 -0.060003819026727946
(10, 16) 0.2726869169304511 -0.005228834738269004
(10, 17) 0.24855605815285037 0.05907170206086732
(10, 18) 0.2901229171653501 0.11360034661086928
(10, 19) 0.2660592124923455 0.17800785177882808
(10, 20) 0.30797588147171695 0.2321883026171509
(10, 21) 0.28388680417107404 0.29665599149051974
(10, 22) 0.3263013160905141 0.3503910731033989
(10, 23) 0.3020535851675168 0.41485088870356723
(10, 24) 0.3451139398220601 0.4680359688833074
(10, 25) 0.3204550677688366 0.5323706945396469
(10, 26) 0.3641582734955329 0.584988159852246
(10, 27) 0.33883421345269576 0.6490671720417889
(10, 28) 0.38321746122583017 0.7009976087366311
(10, 29) 0.3566597458950844 0.7644321518738886
(10, 30) 0.40213005471514834 0.8150668451264412
(10, 31) 0.37246568666180235 0.8749114176186745
(11, 0) 0.21609307402897227 -0.9505081206462451
(11, 1) 0.2611900668474589 -0.9010265691452504
(11, 2) 0.23156841778520698 -0.8400066821780161
(11, 3) 0.2746690449247487 -0.7862920541066143
(11, 4) 0.24644356094386394 -0.724309387332699
(11, 5) 0.2883648484080986 -0.6695748219247849
(11, 6) 0.2609571620954144 -0.6071254954936005
(11, 7) 0.30237496404977504 -0.5520345380589166
(11, 8) 0.2757091098578802 -0.4892340304496803
(11, 9) 0.31697973936690343 -0.4341135041194717
(11, 10) 0.29104226712503073 -0.3709706601305583
(11, 11) 0.3323074340933476 -0.31594229728531464
(11, 12) 0.307080554006363 -0.2524468577619296
(11, 13) 0.34840037724617073 -0.197577830934342
(11, 14) 0.32368527222878823 -0.13378350669618455
(11, 15) 0.3651117486253952 -0.07912961902358576
(11, 16) 0.3407190474738123 -0.015102660524636494
(11, 17) 0.3823362953247132 0.03927226953827296
(11, 18) 0.3581334766353029 0.10348846784678692
(11, 19) 0.40007179967971485 0.15748999843499215
(11, 20) 0.3759744024862249 0.22185492877400095
(11, 21) 0.41836931414752015 0.2754009087133138
(11, 22) 0.39429709737253194 0.33986945254848455
(11, 23) 0.43728037129346353 0.3928771953821108
(11, 24) 0.41310224466969014 0.45738198411729747
(11, 25) 0.4566853862218687 0.5098463072872543
(11, 26) 0.4320994845288258 0.5742579644343471
(11, 27) 0.4762849002517568 0.6261250532484599
(11, 28) 0.45102148462444047 0.6902744411343723
(11, 29) 0.4959504242108945 0.7412009998115193
(11, 30) 0.46884878978814976 0.8045148778719984
(11, 31) 0.5159505832290131 0.8503257992311807
(12, 0) 0.3608114505641203 -0.9661384738070756
(12, 1) 0.3280830605330739 -0.9095428672534828
(12, 2) 0.37169902610466576 -0.8560677977322747
(12, 3) 0.34273158572226914 -0.7949551278135943
(12, 4) 0.3845611600351654 -0.7400901407045581
(12, 5) 0.35658039948927284 -0.6782708265622839
(12, 6) 0.39790440462574805 -0.6230624823357502
(12, 7) 0.37064124975669765 -0.5608453573449901
(12, 8) 0.41185621241859044 -0.5056843256704776
(12, 9) 0.3852472009427112 -0.44310720033222717
(12, 10) 0.4264828256494713 -0.38811081997136737
(12, 11) 0.4005411673387475 -0.3251725830160506
(12, 12) 0.4418590285105401 -0.2703896350585931
(12, 13) 0.41658099367654267 -0.20707029795541695
(12, 14) 0.45803120214463633 -0.1525410743728872
(12, 15) 0.4332457811677444 -0.08889964173998847
(12, 16) 0.4748922350908805 -0.034682576473008354
(12, 17) 0.4504308403792339 0.02922516466228729
(12, 18) 0.49238548835710616 0.08304940058686364
(12, 19) 0.4681412141456114 0.14717618845842192
(12, 20) 0.5105146003280999 0.2005301926958671
(12, 21) 0.4864146019687004 0.2648430625753294
(12, 22) 0.5293179801219772 0.31765652386339854
(12, 23) 0.50528991720085 0.38212003337494665
(12, 24) 0.5487299489361609 0.4343992287830875
(12, 25) 0.5246334625898293 0.49895155207464004
(12, 26) 0.5686164466483299 0.5506773792111241
(12, 27) 0.5440904234364796 0.6151603399793847
(12, 28) 0.5886630403145132 0.6661958801278787
(12, 29) 0.5635156798445864 0.7303401948818189
(12, 30) 0.6093996845010431 0.7799322077754366
(12, 31) 0.5807277008625048 0.8404903421781863
(13, 0) 0.4253894959461553 -0.9752422910984639
(13, 1) 0.4696672197078093 -0.9247190905590454
(13, 2) 0.43947636911023297 -0.8647181139419453
(13, 3) 0.48107367394879175 -0.8097354080513394
(13, 4) 0.45264692139418844 -0.7486802563445677
(13, 5) 0.49383632835015157 -0.6933463269383519
(13, 6) 0.46614165039505967 -0.6317782675467748
(13, 7) 0.5072571137410488 -0.5765785805995676
(13, 8) 0.4801486394538786 -0.5146046916959646
(13, 9) 0.5212852741923573 -0.4596346242629496
(13, 10) 0.49477352555251225 -0.3972673350923764
(13, 11) 0.5359948791445135 -0.3425562974354927
(13, 12) 0.5101117052922332 -0.2797949889978433
(13, 13) 0.5514789910581774 -0.22536903204705364
(13, 14) 0.5262307261415697 -0.16221017547699132
(13, 15) 0.5678103237386666 -0.10811770356662631
(13, 16) 0.5430494180516269 -0.04461720920525488
(13, 17) 0.5849340966808504 0.009064695954044136
(13, 18) 0.5605116039361169 0.07285170224049865
(13, 19) 0.6027956760110713 0.126048611425851
(13, 20) 0.5786139924609277 0.190079851348403
(13, 21) 0.6213877781755197 0.2427264493943807
(13, 22) 0.5973769132531429 0.30697800675514725
(13, 23) 0.6406322501520803 0.3590797517977335
(13, 24) 0.6167186881702635 0.42353032178852557
(13, 25) 0.6604436172051865 0.4750846476771173
(13, 26) 0.6364920553784922 0.539673692289577
(13, 27) 0.6807219265141949 0.590605618390476
(13, 28) 0.6562636143618148 0.6551146955280124
(13, 29) 0.7011004444806456 0.7050276972992215
(13, 30) 0.6759461361242568 0.769228503992635
(13, 31) 0.7238777800818117 0.8130573222631553
(14, 0) 0.570401342743777 -0.987847937042274
(14, 1) 0.536125501649222 -0.9336075101022422
(14, 2) 0.5774360903766799 -0.8783631238310917
(14, 3) 0.548816261721841 -0.8185048338483544
(14, 4) 0.5896158701999719 -0.7630512683400281
(14, 5) 0.5618582652637016 -0.7022796091925012
(14, 6) 0.6025889547576943 -0.6470349588136046
(14, 7) 0.5753837584153559 -0.5857119861352224
(14, 8) 0.6161068602997535 -0.5307247105410521
(14, 9) 0.5894413853796037 -0.46894876268640723
(14, 10) 0.630226061755095 -0.41423708037806667
(14, 11) 0.6041352484120569 -0.35204031516061246
(14, 12) 0.6450572251240998 -0.29763136151003194
(14, 13) 0.6195808532368053 -0.23502474595102657
(14, 14) 0.6607224167501818 -0.1809642303378162
(14, 15) 0.635874513077058 -0.11795430954559222
(14, 16) 0.677331072513151 -0.0643128868764531
(14, 17) 0.6529723606529387 -0.0009552022905632584
(14, 18) 0.6948258916793719 0.052197064474015904
(14, 19) 0.6708163826740058 0.11584823947882314
(14, 20) 0.7131427742506612 0.16844456769731048
(14, 21) 0.6893823042636649 0.23235641590350425
(14, 22) 0.7321605278889668 0.28439426098354775
(14, 23) 0.7085692464646777 0.3485520735010202
(14, 24) 0.7517630772395358 0.4000279753422191
(14, 25) 0.7282671743628258 0.464421964263256
(14, 26) 0.7718564497436193 0.5152983930108888
(14, 27) 0.7483423884521094 0.5798725365292
(14, 28) 0.7924351165160718 0.6299671410002576
(14, 29) 0.7682221071284958 0.6942771714226142
(14, 30) 0.813431746418923 0.7425212257222791
(14, 31) 0.7884564101706543 0.8042655113240804
(15, 0) 0.6330188799941229 -0.9999999999999999
(15, 1) 0.6715464978583938 -0.9458965336607157
(15, 2) 0.6438988527966784 -0.8883727772092929
(15, 3) 0.6821166238605995 -0.8326977979386813
(15, 4) 0.6565671417610431 -0.7731073945177088
(15, 5) 0.6946473259119119 -0.7175340973063565
(15, 6) 0.6697474889419907 -0.6570743543403789
(15, 7) 0.7077639175934207 -0.6017080891015111
(15, 8) 0.6833638978049336 -0.5406949300409245
(15, 9) 0.7214134302593197 -0.4855872946649315
(15, 10) 0.6975269868266608 -0.4241354125867239
(15, 11) 0.7356993823750853 -0.369328597030969
(15, 12) 0.7123705878998708 -0.3074763464657357
(15, 13) 0.7507594278648497 -0.2530225774460699
(15, 14) 0.7280329603904688 -0.1907835887646812
(15, 15) 0.766744613447287 -0.1367492232714543
(15, 16) 0.7446394514591672 -0.0741261770100228
(15, 17) 0.7837563040770774 -0.020572074299881775
(15, 18) 0.7621391778202734 0.04238744164889439
(15, 19) 0.8017289980449811 0.09540144058248799
(15, 20) 0.7804609726793033 0.15865026507376817
(15, 21) 0.8204966077877444 0.2111179725112798
(15, 22) 0.7994662758406738 0.2746250618282775
(15, 23) 0.8399042805794557 0.3265279711210875
(15, 24) 0.8190140675434235 0.3902729879876094
(15, 25) 0.8598102108035725 0.44154644088521994
(15, 26) 0.8389605714160598 0.5055091133954999
(15, 27) 0.8801018099155297 0.555963330808949
(15, 28) 0.8591455263335941 0.6200781346329083
(15, 29) 0.9007334157772982 0.6691289419425663
(15, 30) 0.8779342656246807 0.7322427015559199

