502
0 1
1 2
2 3
3 4
4 5
5 6
6 7
7 8
8 9
9 10
10 11
11 12
12 13
13 14
14 15
15 16
16 17
17 18
18 19
19 20
20 21
21 22
22 23
23 24
24 25
25 26
26 27
27 28
28 29
29 30
30 31
31 32
32 33
33 34
34 35
35 36
36 37
37 38
38 39
39 40
40 41
41 42
42 43
43 44
44 45
45 46
46 47
47 48
48 49
49 50
50 51
51 52
52 53
53 54
54 55
55 56
56 57
57 58
58 59
59 60
60 61
61 62
62 63
63 64
64 65
65 66
66 67
67 68
68 69
69 70
70 71
71 72
72 73
73 74
74 75
75 76
76 77
77 78
78 79
79 80
80 81
81 82
82 83
83 84
84 85
85 86
86 87
87 88
88 89
89 90
90 91
91 92
92 93
93 94
94 95
95 96
96 97
97 98
98 99
99 100
100 101
101 102
102 103
103 104
104 105
105 106
106 107
107 108
108 109
109 110
110 111
111 112
112 113
113 114
114 115
115 116
116 117
117 118
118 119
119 120
120 121
121 122
122 123
123 124
124 125
125 126
126 127
127 128
128 129
129 130
130 131
131 132
132 133
133 134
134 135
135 136
136 137
137 138
138 139
139 140
140 141
141 142
142 143
143 144
144 145
145 146
146 147
147 148
148 149
149 150
150 151
151 152
152 153
153 154
154 155
155 156
156 157
157 158
158 159
159 160
160 161
161 162
162 163
163 164
164 165
165 166
166 167
167 168
168 169
169 170
170 171
171 172
172 173
173 174
174 175
175 176
176 177
177 178
178 179
179 180
180 181
181 182
182 183
183 184
184 185
185 186
186 187
187 188
188 189
189 190
190 191
191 192
192 193
193 194
194 195
195 196
196 197
197 198
198 199
199 200
200 201
201 202
202 203
203 204
204 205
205 206
206 207
207 208
208 209
209 210
210 211
211 212
212 213
213 214
214 215
215 216
216 217
217 218
218 219
219 220
220 221
221 222
222 223
223 224
224 225
225 226
226 227
227 228
228 229
229 230
230 231
231 232
232 233
233 234
234 235
235 236
236 237
237 238
238 239
239 240
240 241
241 242
242 243
243 244
244 245
245 246
246 247
247 248
248 249
249 250
250 251
251 252
252 253
253 254
254 255
255 256
256 257
257 258
258 259
259 260
260 261
261 262
262 263
263 264
264 265
265 266
266 267
267 268
268 269
269 270
270 271
271 272
272 273
273 274
274 275
275 276
276 277
277 278
278 279
279 280
280 281
281 282
282 283
283 284
284 285
285 286
286 287
287 288
288 289
289 290
290 291
291 292
292 293
293 294
294 295
295 296
296 297
297 298
298 299
299 300
300 301
301 302
302 303
303 304
304 305
305 306
306 307
307 308
308 309
309 310
310 311
311 312
312 313
313 314
314 315
315 316
316 317
317 318
318 319
319 320
320 321
321 322
322 323
323 324
324 325
325 326
326 327
327 328
328 329
329 330
330 331
331 332
332 333
333 334
334 335
335 336
336 337
337 338
338 339
339 340
340 341
341 342
342 343
343 344
344 345
345 346
346 347
347 348
348 349
349 350
350 351
351 352
352 353
353 354
354 355
355 356
356 357
357 358
358 359
359 360
360 361
361 362
362 363
363 364
364 365
365 366
366 367
367 368
368 369
369 370
370 371
371 372
372 373
373 374
374 375
375 376
376 377
377 378
378 379
379 380
380 381
381 382
382 383
383 384
384 385
385 386
386 387
387 388
388 389
389 390
390 391
391 392
392 393
393 394
394 395
395 396
396 397
397 398
398 399
399 400
400 401
401 402
402 403
403 404
404 405
405 406
406 407
407 408
408 409
409 410
410 411
411 412
412 413
413 414
414 415
415 416
416 417
417 418
418 419
419 420
420 421
421 422
422 423
423 424
424 425
425 426
426 427
427 428
428 429
429 430
430 431
431 432
432 433
433 434
434 435
435 436
436 437
437 438
438 439
439 440
440 441
441 442
442 443
443 444
444 445
445 446
446 447
447 448
448 449
449 450
450 451
451 452
452 453
453 454
454 455
455 456
456 457
457 458
458 459
459 460
460 461
461 462
462 463
463 464
464 465
465 466
466 467
467 468
468 469
469 470
470 471
471 472
472 473
473 474
474 475
475 476
476 477
477 478
478 479
479 480
480 481
481 482
482 483
483 484
484 485
485 486
486 487
487 488
488 489
489 490
490 491
491 492
492 493
493 494
494 495
495 496
496 497
497 498
498 499
499 500

0 -0.9999950848816118 -0.999980339576932
1 -0.9999557642273089 -0.9998230608250083
2 -0.9998771244648222 -0.9995085280582585
3 -0.9997591686863424 -0.9990367907469548
4 -0.9996019015299721 -0.9984079230868385
5 -0.9994053291796124 -0.997622023987361
6 -0.9991694593646473 -0.9966792170561827
7 -0.9988943013596591 -0.9955796505797205
8 -0.998579865984116 -0.9943234974998056
9 -0.9982261656018686 -0.9929109553865357
10 -0.9978332141207316 -0.991342246407108
11 -0.9974010269918774 -0.9896176172909905
12 -0.9969296212092797 -0.9877373392910226
13 -0.9964190153090067 -0.9857017081407845
14 -0.9958692293685123 -0.9835110440081066
15 -0.9952802850058419 -0.9811656914447002
16 -0.9946522053788012 -0.9786660193319132
17 -0.9939850151840097 -0.976012420822802
18 -0.9932787406559482 -0.9732053132802384
19 -0.9925334095659228 -0.9702451382112549
20 -0.9917490512209973 -0.9671323611976632
21 -0.9909256964627883 -0.9638674718227677
22 -0.990063377666327 -0.9604509835943709
23 -0.9891621287387068 -0.9568834338640664
24 -0.9882219851177922 -0.9531653837426408
25 -0.9872429837708362 -0.9492974180118879
26 -0.9862251631930007 -0.945280145032578
27 -0.9851685634058569 -0.9411141966488255
28 -0.9840732259558003 -0.9368002280886524
29 -0.9829391939124263 -0.9323389178610106
30 -0.981766511866846 -0.9277309676489994
31 -0.9805552259298898 -0.9229771021995186
32 -0.9793053837303796 -0.9180780692092936
33 -0.9780170344131383 -0.9130346392072672
34 -0.9766902286371736 -0.9078476054334141
35 -0.9753250185736067 -0.9025177837139754
36 -0.9739214579036556 -0.8970460123331234
37 -0.9724796018165124 -0.8914331519011798
38 -0.9709995070071792 -0.8856800852191513
39 -0.9694812316742473 -0.8797877171399973
40 -0.9679248355175747 -0.8737569744262323
41 -0.9663303797359947 -0.867588805604192
42 -0.9646979270248501 -0.8612841808148384
43 -0.9630275415735557 -0.8548440916611797
44 -0.9613192890630919 -0.8482695510523341
45 -0.9595732366634149 -0.8415615930441488
46 -0.9577894530307566 -0.8347212726766564
47 -0.9559680083050112 -0.827749665808032
48 -0.954108974106928 -0.8206478689454889
49 -0.9522124235353154 -0.8134169990727098
50 -0.9502784311641326 -0.8060581934742589
51 -0.9483070730396163 -0.7985726095566421
52 -0.9462984266772326 -0.7909614246663086
53 -0.9442525710586449 -0.7832258359044514
54 -0.942169586628651 -0.7753670599387384
55 -0.9400495552919561 -0.7673863328119387
56 -0.9378925604099867 -0.7592849097475466
57 -0.9356986867976174 -0.7510640649523115
58 -0.9334680207198077 -0.7427250914158599
59 -0.9312006498882338 -0.7342693007073391
60 -0.9288966634578707 -0.7256980227690927
61 -0.9265561520233792 -0.7170126057075336
62 -0.924179207615672 -0.7082144155810653
63 -0.9217659236982257 -0.6993048361852684
64 -0.919316395163379 -0.6902852688352058
65 -0.9168307183287034 -0.6811571321450749
66 -0.9143089909331035 -0.671921861805042
67 -0.9117513121330425 -0.6625809103554559
68 -0.9091577824986193 -0.6531357469583952
69 -0.906528504009606 -0.6435878571665673
70 -0.9038635800514785 -0.6339387426896925
71 -0.9011631154112902 -0.6241899211582912
72 -0.8984272162736044 -0.614342925884989
73 -0.895655990216311 -0.6043993056233622
74 -0.8928495462063404 -0.594360624324344
75 -0.8900079945954571 -0.5842284608902326
76 -0.8871314471158925 -0.5740044089264013
77 -0.8842200168759126 -0.5636900764905751
78 -0.8812738183554382 -0.5532870858399837
79 -0.8782929674014852 -0.5427970731761931
80 -0.8752775812236345 -0.5322216883877303
81 -0.8722277783894319 -0.5215625947906214
82 -0.8691436788197076 -0.5108214688667729
83 -0.8660254037838786 -0.5000000000002588
84 -0.8628730758951572 -0.4890998902116764
85 -0.8596868191057326 -0.4781228538903831
86 -0.8564667587019471 -0.4670706175249022
87 -0.853213021299284 -0.4559449194313447
88 -0.8499257348374701 -0.44474750948003333
89 -0.8466050285753979 -0.4334801488202437
90 -0.8432510330860368 -0.42214460960325073
91 -0.8398638802513446 -0.4107426747035561
92 -0.8364437032570438 -0.3992761374385113
93 -0.8329906365873802 -0.38774680128625066
94 -0.8295048160198651 -0.37615647960201565
95 -0.8259863786199194 -0.36450699533298014
96 -0.8224354627354886 -0.352800180731511
97 -0.8188522079915929 -0.34103787706699634
98 -0.8152367552848385 -0.3292219343362558
99 -0.8115892467778971 -0.31735421097254435
100 -0.8079098258939025 -0.3054365735532876
101 -0.8041986373107852 -0.29347089650646785
102 -0.8004558269556367 -0.2814590618158427
103 -0.7966815419989304 -0.26940295872492065
104 -0.7928759308487497 -0.2573044834398304
105 -0.7890391431449499 -0.24516553883107417
106 -0.7851713297532692 -0.23298803413424912
107 -0.7812726427594263 -0.22077388464975192
108 -0.7773432354630809 -0.20852501144153748
109 -0.773383262371865 -0.196243341034972
110 -0.7693928791952769 -0.18393080511382573
111 -0.7653722428385641 -0.17158934021645267
112 -0.7613215113965582 -0.1592208874312171
113 -0.7572408441474529 -0.14682739209117845
114 -0.7531304015465348 -0.13441080346814266
115 -0.7489903452199034 -0.12197307446606231
116 -0.7448208379580753 -0.10951616131389305
117 -0.740622043709607 -0.09704202325790835
118 -0.7363941275746552 -0.08455262225354553
119 -0.7321372557984616 -0.07204992265682798
120 -0.7278515957648308 -0.059535890915404226
121 -0.7235373159895478 -0.04701249525926137
122 -0.7191945861137545 -0.03448170539116475
123 -0.7148235768972788 -0.021945492176853997
124 -0.7104244602118798 -0.009405827335066223
125 -0.7059974090345755 0.0031353168725942538
126 -0.7015425974407656 0.015675967951830183
127 -0.6970602005974196 0.02821415348592055
128 -0.6925503947561767 0.04074790144591982
129 -0.6880133572464311 0.05327524050083617
130 -0.6834492664683361 0.06579420032767616
131 -0.6788583018858111 0.07830281192135728
132 -0.6742406440194726 0.09079910790437344
133 -0.6695964744395484 0.10328112283625374
134 -0.6649259757587239 0.1157468935226689
135 -0.6602293316249547 0.12819445932421525
136 -0.6555067267142758 0.1406218624647888
137 -0.6507583467235097 0.15302714833950667
138 -0.6459843783629932 0.16540836582212948
139 -0.6411850093491992 0.17776356757193532
140 -0.636360428397386 0.19009081034000888
141 -0.6315108252141683 0.20238815527487722
142 -0.6266363904900564 0.21465366822745338
143 -0.6217373158919426 0.22688542005523368
144 -0.6168137940556078 0.239081486925737
145 -0.6118660185780954 0.2512399506190714
146 -0.6068941840101395 0.2633588988296545
147 -0.601898485848475 0.2754364254669521
148 -0.5968791205281986 0.2874706309553064
149 -0.5918362854150122 0.2994596225326863
150 -0.5867701787974529 0.3114015145483847
151 -0.5816809998791388 0.3232944287596038
152 -0.5765689487708923 0.33513649462686385
153 -0.5714342264829058 0.34692584960820594
154 -0.5662770349167981 0.3586606394521359
155 -0.5610975768577199 0.37033901848926926
156 -0.5558960559663427 0.3819591499226139
157 -0.5506726767708948 0.39351920611646907
158 -0.5454276446590572 0.4050173688838766
159 -0.5401611658699499 0.4164518297725947
160 -0.5348734474859659 0.42782079034952203
161 -0.5295646974246961 0.4391224624835832
162 -0.5242351244306728 0.45035506862693175
163 -0.5188849380672251 0.4615168420945659
164 -0.5135143487082374 0.472606027342168
165 -0.5081235675298034 0.48362088024222744
166 -0.502712806502031 0.4945596683583742
167 -0.4972822783806195 0.5054206712178418
168 -0.4918321966985436 0.5162021805820624
169 -0.4863627757576281 0.5269025007153729
170 -0.48087423062014095 0.5375199486516727
171 -0.4753667771003302 0.5480528544591813
172 -0.46984063175594387 0.558499561503052
173 -0.46429601187968594 0.5688584267059326
174 -0.45873313549072614 0.5791278208063964
175 -0.4531522213260606 0.5893061286152073
176 -0.4475534888319814 0.5993917492693427
177 -0.44193715815538176 0.6093830964837792
178 -0.4363034501351556 0.6192785988010101
179 -0.4306525862934687 0.6290766998381722
180 -0.4249847888270852 0.6387758585318818
181 -0.41930028059859153 0.6483745493805496
182 -0.41359928512768607 0.6578712626843992
183 -0.4078820265823326 0.6672645047828338
184 -0.4021487297699864 0.6765527982894255
185 -0.3963996201287355 0.6857346823242312
186 -0.3906349237184469 0.6948087127436107
187 -0.38485486721186 0.7037734623673071
188 -0.3790596778857129 0.7126275212029884
189 -0.37324958361174587 0.721369496667927
190 -0.367424812847797 0.729998013808126
191 -0.3615855946287921 0.7385117155144846
192 -0.3557321585577366 0.7469092627363029
193 -0.34986473479669894 0.7551893346918619
194 -0.34398355405775316 0.7633506290761766
195 -0.3380888475939172 0.7713918622658195
196 -0.33218084719003266 0.779311769520799
197 -0.3262597851536894 0.7871091051834941
198 -0.3203258943060683 0.7947826428745902
199 -0.31437940797278147 0.8023311756859106
200 -0.308420559974714 0.8097535163702956
201 -0.30244958461882415 0.8170484975283233
202 -0.2964667166889165 0.8242149717918921
203 -0.2904721914364321 0.8312518120047265
204 -0.2844662445711853 0.8381579113996093
205 -0.2784491122520974 0.8449321837725045
206 -0.27242103107791077 0.8515735636533509
207 -0.26638223807788747 0.8580810064736756
208 -0.26033297070248124 0.8644534887308701
209 -0.25427346681401697 0.8706900081491759
210 -0.24820396467732278 0.8767895838373114
211 -0.2421247029503689 0.882751256442772
212 -0.23603592067487605 0.8885740883026974
213 -0.22993785726692342 0.8942571635913442
214 -0.22383075250753295 0.8997995884641597
215 -0.21771484653324055 0.9052004911983311
216 -0.2115903798266549 0.9104590223299251
217 -0.20545759320700252 0.9155743547874625
218 -0.1993167278206385 0.9205456840220206
219 -0.1931680251316044 0.9253722281337768
220 -0.18701172691209816 0.9300532279949553
221 -0.18084807523298646 0.9345879473692793
222 -0.17467731245426957 0.9389756730277207
223 -0.16849968121557807 0.9432157148606959
224 -0.16231542442660363 0.947307405986608
225 -0.1561247852575673 0.9512501028567307
226 -0.1499280071296473 0.9550431853564243
227 -0.14372533370541185 0.9586860569026783
228 -0.13751700887924118 0.9621781445379424
229 -0.13130327676772544 0.9655188990202302
230 -0.1250843817000802 0.9687077949095283
231 -0.11886056820852793 0.9717443306503892
232 -0.1126320810186906 0.9746280286508888
233 -0.1063991650399648 0.9773584353576841
234 -0.10016206535588687 0.979935121327357
235 -0.09392102721450767 0.9823576812940154
236 -0.08767629601872952 0.9846257342329306
237 -0.08142811731668333 0.9867389234205738
238 -0.07517673679204494 0.988696916490648
239 -0.06892240025440025 0.9904994054863835
240 -0.0626653536295594 0.992146106909011
241 -0.05640584294990113 0.9936367617622583
242 -0.05014411434469116 0.9949711355931903
243 -0.043880414030404054 0.996149018529071
244 -0.03761498830104485 0.9971702253102334
245 -0.03134808351846581 0.9980345953194569
246 -0.025079946102674073 0.9987419926069879
247 -0.01881082252214279 0.9992923059120912
248 -0.012540959284126936 0.9996854486804634
249 -0.0062706029249585665 0.999921359077913
250 -3.771393824379729e-13 1.0
251 0.0062706029242140205 0.9999213590779193
252 0.012540959283378644 0.9996854486804948
253 0.01881082252139727 0.999292305912115
254 0.025079946101929283 0.998741992607035
255 0.031348083517721274 0.9980345953195077
256 0.03761498830030151 0.997170225310312
257 0.04388041402966175 0.9961490185291505
258 0.050144114343948304 0.9949711355932933
259 0.05640584294916195 0.9936367617623528
260 0.06266535362882157 0.9921461069091192
261 0.06892240025366336 0.9904994054865096
262 0.07517673679131226 0.9886969164907794
263 0.08142811731595039 0.9867389234207217
264 0.0876762960179976 0.9846257342330859
265 0.09392102721377765 0.9823576812941704
266 0.10016206535515959 0.9799351213275264
267 0.10639916503923569 0.9773584353578585
268 0.11263208101796535 0.9746280286510757
269 0.11886056820780072 0.9717443306505815
270 0.12508438169935382 0.9687077949097198
271 0.13130327676700013 0.9655188990204387
272 0.1375170088785128 0.9621781445381478
273 0.143725333704683 0.9586860569028854
274 0.14992800712891263 0.9550431853566328
275 0.15612478525683102 0.9512501028569433
276 0.16231542442586175 0.9473074059868276
277 0.16849968121483452 0.9432157148609202
278 0.17467731245352777 0.9389756730279456
279 0.18084807523224178 0.9345879473695016
280 0.18701172691135473 0.9300532279951811
281 0.1931680251308599 0.9253722281339983
282 0.19931672781989343 0.9205456840222443
283 0.20545759320625512 0.9155743547876833
284 0.21159037982591053 0.9104590223301485
285 0.21771484653249473 0.9052004911985536
286 0.2238307525067842 0.8997995884643757
287 0.229937857266174 0.8942571635915614
288 0.23603592067412812 0.888574088302908
289 0.24212470294962085 0.8827512564429799
290 0.2482039646765807 0.8767895838375116
291 0.25427346681327667 0.870690008149368
292 0.26033297070174305 0.8644534887310538
293 0.26638223807715133 0.8580810064738534
294 0.27242103107718485 0.8515735636535157
295 0.27844911225137603 0.844932183772662
296 0.28446624457046626 0.8381579113997586
297 0.29047219143571845 0.8312518120048638
298 0.29646671668820335 0.8242149717920162
299 0.3024495846181164 0.817048497528437
300 0.3084205599740136 0.8097535163704009
301 0.31437940797208747 0.8023311756859987
302 0.3203258943053765 0.7947826428746675
303 0.3262597851530064 0.7871091051835641
304 0.3321808471893534 0.7793117695208532
305 0.33808884759324426 0.771391862265865
306 0.3439835540570906 0.7633506290762176
307 0.3498647347960447 0.7551893346918902
308 0.35573215855708645 0.746909262736323
309 0.3615855946281496 0.7385117155144991
310 0.3674248128471571 0.7299980138081315
311 0.3732495836111119 0.7213694966679196
312 0.379059677885082 0.7126275212029639
313 0.38485486721123363 0.7037734623672833
314 0.3906349237178238 0.6948087127435598
315 0.3963996201281165 0.6857346823241827
316 0.40214872976937255 0.6765527982893684
317 0.4078820265817258 0.6672645047827711
318 0.41359928512708294 0.6578712626843283
319 0.4193002805980004 0.6483745493804688
320 0.42498478882648927 0.6387758585317866
321 0.4306525862928824 0.6290766998380747
322 0.4363034501345715 0.6192785988008961
323 0.44193715815480517 0.6093830964836571
324 0.44755348883140633 0.5993917492692103
325 0.45315222132549654 0.5893061286150668
326 0.4587331354901606 0.5791278208062461
327 0.46429601187912795 0.5688584267057681
328 0.469840631755387 0.5584995615028768
329 0.47536677709978337 0.5480528544589978
330 0.480874230619598 0.5375199486514779
331 0.4863627757570909 0.5269025007151582
332 0.4918321966980097 0.5162021805818449
333 0.49728227838009564 0.5054206712176121
334 0.5027128065015113 0.49455966835814347
335 0.5081235675292948 0.4836208802419904
336 0.5135143487077249 0.4726060273419273
337 0.5188849380667316 0.4615168420943202
338 0.5242351244301819 0.45035506862668806
339 0.529564697424216 0.4391224624833322
340 0.534873447485498 0.4278207903492745
341 0.5401611658694828 0.4164518297723422
342 0.5454276446586046 0.4050173688836229
343 0.5506726767704538 0.3935192061162101
344 0.5558960559659124 0.3819591499223548
345 0.5610975768572949 0.3703390184890056
346 0.5662770349163851 0.35866063945187115
347 0.5714342264825021 0.3469258496079364
348 0.5765689487705036 0.33513649462659295
349 0.581680999878758 0.3232944287593355
350 0.5867701787970827 0.31140151454811893
351 0.5918362854146413 0.2994596225324212
352 0.5968791205278371 0.28747063095504216
353 0.6018984858481281 0.2754364254666921
354 0.6068941840097977 0.2633588988293968
355 0.6118660185777647 0.2512399506188218
356 0.6168137940552836 0.23908148692548775
357 0.621737315891621 0.22688542005498508
358 0.6266363904897365 0.21465366822721046
359 0.6315108252138605 0.20238815527464388
360 0.636360428397086 0.19009081033978048
361 0.6411850093489094 0.17776356757171505
362 0.6459843783627096 0.1654083658219172
363 0.6507583467232424 0.1530271483393035
364 0.6555067267140092 0.1406218624645992
365 0.6602293316247025 0.1281944593240401
366 0.6649259757584802 0.11574689352250575
367 0.6695964744393188 0.10328112283610755
368 0.674240644019258 0.09079910790424095
369 0.6788583018856101 0.07830281192123793
370 0.6834492664681416 0.06579420032757463
371 0.6880133572462561 0.053275240500746474
372 0.6925503947560265 0.04074790144584672
373 0.6970602005972828 0.028214153485861683
374 0.7015425974406427 0.015675967951784185
375 0.7059974090344757 0.0031353168725565626
376 0.7104244602117913 -0.009405827335087616
377 0.7148235768972043 -0.02194549217686742
378 0.7191945861137103 -0.03448170539116211
379 0.7235373159895215 -0.04701249525924279
380 0.7278515957648239 -0.05953589091537267
381 0.732137255798476 -0.07204992265678457
382 0.7363941275746922 -0.08455262225348828
383 0.7406220437096654 -0.09704202325783826
384 0.7448208379581538 -0.10951616131380999
385 0.748990345220004 -0.12197307446596602
386 0.753130401546655 -0.13441080346803325
387 0.7572408441475875 -0.1468273920910574
388 0.7613215113967092 -0.15922088743108012
389 0.7653722428387321 -0.1715893402163023
390 0.7693928791954627 -0.1839308051136578
391 0.7733832623720662 -0.19624334103478736
392 0.777343235463293 -0.20852501144133426
393 0.7812726427596532 -0.2207738846495331
394 0.7851713297535092 -0.23298803413401079
395 0.789039143145201 -0.24516553883081593
396 0.792875930849008 -0.2573044834395547
397 0.7966815419992038 -0.26940295872462255
398 0.8004558269559174 -0.2814590618155259
399 0.8041986373110781 -0.29347089650613134
400 0.8079098258942062 -0.30543657355293347
401 0.8115892467782112 -0.31735421097217287
402 0.8152367552851602 -0.3292219343358656
403 0.8188522079919204 -0.3410378770665892
404 0.8224354627358257 -0.3528001807310823
405 0.825986378620266 -0.36450699533253617
406 0.8295048160202213 -0.37615647960155674
407 0.8329906365877426 -0.38774680128577893
408 0.8364437032574191 -0.39927613743802803
409 0.8398638802517381 -0.4107426747030545
410 0.8432510330864437 -0.42214460960273503
411 0.8466050285758132 -0.433480148819717
412 0.8499257348379046 -0.444747509479496
413 0.8532130212997263 -0.4559449194307954
414 0.8564667587023976 -0.46707061752433726
415 0.8596868191062023 -0.47812285388980613
416 0.8628730758956356 -0.48909989021108835
417 0.8660254037843782 -0.4999999999996625
418 0.8691436788202299 -0.5108214688661531
419 0.8722277783899731 -0.5215625947900019
420 0.8752775812241899 -0.5322216883870932
421 0.8782929674020551 -0.5427970731755412
422 0.8812738183560296 -0.5532870858393136
423 0.8842200168765206 -0.5636900764898914
424 0.8871314471165073 -0.5740044089257008
425 0.8900079945960967 -0.584228460889525
426 0.8928495462069802 -0.5943606243236159
427 0.8956559902169619 -0.604399305622622
428 0.8984272162742799 -0.6143429258842341
429 0.9011631154119725 -0.6241899211575321
430 0.9038635800521675 -0.6339387426889165
431 0.9065285040103069 -0.6435878571657785
432 0.9091577824993221 -0.6531357469575888
433 0.9117513121337522 -0.662580910354639
434 0.9143089909338173 -0.6719218618042068
435 0.9168307183294188 -0.6811571321442206
436 0.9193163951640984 -0.6902852688343312
437 0.9217659236989351 -0.6993048361843739
438 0.9241792076163853 -0.7082144155801569
439 0.9265561520240957 -0.7170126057066037
440 0.9288966634585814 -0.7256980227681444
441 0.9312006498889568 -0.7342693007063731
442 0.9334680207205202 -0.7427250914148743
443 0.9356986867983321 -0.7510640649512991
444 0.9378925604107109 -0.7592849097465204
445 0.9400495552926761 -0.7673863328108957
446 0.9421695866293723 -0.7753670599376733
447 0.94425257105937 -0.7832258359033638
448 0.9462984266779553 -0.7909614246651996
449 0.9483070730403487 -0.7985726095555108
450 0.9502784311648712 -0.806058193473108
451 0.9522124235360557 -0.8134169990715352
452 0.9541089741076831 -0.8206478689442963
453 0.9559680083057777 -0.8277496658068259
454 0.9577894530315304 -0.834721272675412
455 0.9595732366642005 -0.8415615930428907
456 0.9613192890638971 -0.8482695510510492
457 0.9630275415743645 -0.8548440916598747
458 0.96469792702566 -0.8612841808135079
459 0.9663303797368155 -0.867588805602848
460 0.9679248355184075 -0.8737569744248767
461 0.9694812316750903 -0.8797877171386242
462 0.9709995070080297 -0.8856800852177601
463 0.9724796018173633 -0.891433151899771
464 0.9739214579045111 -0.897046012331711
465 0.9753250185744627 -0.9025177837125447
466 0.9766902286380327 -0.9078476054319723
467 0.9780170344139946 -0.9130346392058093
468 0.9793053837312267 -0.9180780692078222
469 0.9805552259307375 -0.9229771021980441
470 0.9817665118676776 -0.9277309676475095
471 0.9829391939132557 -0.9323389178595123
472 0.9840732259566215 -0.9368002280871428
473 0.9851685634066645 -0.9411141966472926
474 0.9862251631938037 -0.9452801450310402
475 0.9872429837716259 -0.9492974180103403
476 0.9882219851185685 -0.9531653837410904
477 0.9891621287394718 -0.9568834338624963
478 0.9900633776670815 -0.9604509835927967
479 0.9909256964635417 -0.9638674718211807
480 0.9917490512217261 -0.9671323611960781
481 0.9925334095666497 -0.9702451382096638
482 0.9932787406566675 -0.9732053132786336
483 0.9939850151847275 -0.9760124208211923
484 0.9946522053795194 -0.9786660193302971
485 0.9952802850065517 -0.9811656914430699
486 0.9958692293692176 -0.9835110440064787
487 0.9964190153097192 -0.9857017081391463
488 0.9969296212099978 -0.9877373392893606
489 0.9974010269925937 -0.9896176172893232
490 0.9978332141214593 -0.9913422464054329
491 0.998226165602606 -0.9929109553848319
492 0.9985798659848474 -0.9943234974981163
493 0.9988943013603929 -0.9955796505780099
494 0.9991694593653833 -0.9966792170544633
495 0.9994053291803638 -0.9976220239856425
496 0.9996019015307299 -0.9984079230851235
497 0.9997591686871007 -0.9990367907452354
498 0.9998771244655902 -0.9995085280565341
499 0.9999557642280771 -0.9998230608232805
500 0.9999950848823823 -0.9999803395752012

