500
0 14
0 82
0 86
0 199
0 310
0 424
0 445
0 451
1 45
1 113
1 123
1 176
1 218
1 359
1 425
2 65
2 76
2 85
2 157
2 237
2 244
2 354
2 421
2 468
2 481
3 22
3 44
3 136
3 180
3 289
3 344
3 355
3 453
3 475
4 13
4 16
4 34
4 56
4 66
4 70
4 124
4 135
4 142
4 207
4 233
4 292
4 319
4 371
4 386
4 435
4 459
4 494
5 35
5 95
5 102
5 145
5 178
5 262
5 280
5 304
5 337
5 382
5 383
5 486
6 35
6 119
6 262
6 304
6 306
6 337
6 379
6 382
6 433
7 175
7 248
7 252
7 270
7 352
7 387
7 426
7 472
8 95
8 103
8 150
8 191
8 379
8 382
8 433
8 468
8 481
8 486
9 83
9 106
9 147
9 156
9 163
9 220
9 225
9 257
9 355
9 394
9 465
9 475
10 11
10 54
10 165
10 356
10 437
10 458
10 466
11 10
11 33
11 51
11 139
11 183
11 205
11 217
11 221
11 243
11 256
11 374
11 381
11 416
11 430
12 38
12 87
12 97
12 118
12 153
12 185
12 263
12 325
12 330
12 392
13 4
13 23
13 34
13 56
13 66
13 70
13 124
13 135
13 142
13 233
13 292
13 319
13 386
13 388
13 459
13 463
14 0
14 42
14 57
14 159
14 199
14 254
14 277
14 327
14 329
14 424
14 451
15 48
15 59
15 197
15 209
15 274
15 296
15 346
15 358
15 408
16 4
16 64
16 70
16 129
16 207
16 233
16 333
16 388
16 434
16 435
16 494
16 497
17 69
17 158
17 167
17 179
17 236
17 248
17 270
17 286
17 387
17 413
17 443
17 460
17 482
18 65
18 143
18 203
18 244
18 397
18 456
18 479
18 488
18 489
19 137
19 164
19 200
19 211
19 241
19 258
19 294
19 343
19 350
19 380
19 391
19 403
20 172
20 205
20 217
20 249
21 67
21 107
21 113
21 176
21 303
21 420
21 425
22 3
22 32
22 44
22 54
22 67
22 107
22 136
22 180
22 188
22 420
22 430
22 453
23 13
23 99
23 135
23 140
23 292
23 322
23 444
24 132
24 138
24 230
24 272
24 283
24 342
25 73
25 101
25 128
25 132
25 138
25 148
25 160
25 181
25 184
25 201
25 232
25 316
25 320
25 342
25 368
25 377
25 428
26 109
26 139
26 196
26 219
26 221
26 226
26 259
26 326
26 338
26 351
26 369
26 439
26 492
27 204
27 215
27 275
28 92
28 105
28 131
28 240
28 282
28 323
29 78
29 79
29 91
29 125
29 194
29 228
29 288
29 420
29 461
30 58
30 137
30 241
30 271
30 350
30 403
30 410
30 476
31 92
31 210
31 249
31 295
31 457
32 22
32 44
32 54
32 67
32 94
32 180
32 188
32 356
32 437
32 441
32 453
33 11
33 139
33 205
33 212
33 217
33 219
33 351
33 416
33 429
33 439
33 458
33 492
34 4
34 13
34 56
34 66
34 99
34 124
34 233
34 386
34 388
34 396
34 463
34 477
35 5
35 6
35 304
35 306
35 337
36 49
36 61
36 84
36 130
36 154
36 158
36 297
36 334
36 348
36 363
36 364
36 375
36 389
36 443
36 469
36 483
37 47
37 73
37 117
37 127
37 128
37 173
37 184
37 211
37 232
37 316
37 343
37 368
37 377
37 380
37 452
37 491
38 12
38 151
38 152
38 153
38 181
38 325
38 330
38 392
39 40
39 108
39 182
39 213
39 245
39 268
39 300
40 39
40 81
40 102
40 245
40 251
40 280
40 304
40 337
40 442
41 97
41 101
41 128
41 160
41 245
41 268
41 300
41 368
41 377
41 411
42 14
42 57
42 82
42 155
42 159
42 199
42 310
42 328
42 424
42 445
42 451
43 52
43 156
43 204
43 214
43 215
43 225
43 240
43 275
43 323
43 361
44 3
44 22
44 32
44 54
44 67
44 136
44 180
44 188
44 289
44 344
44 420
44 437
44 441
45 1
45 63
45 80
45 242
45 359
45 452
46 78
46 163
46 220
46 228
46 340
46 394
46 402
47 37
47 63
47 73
47 117
47 121
47 127
47 128
47 173
47 211
47 232
47 367
47 452
47 491
48 15
48 197
48 209
48 274
48 296
48 306
48 358
48 408
48 448
48 496
49 36
49 61
49 84
49 158
49 334
49 348
49 364
49 372
49 393
49 415
50 55
50 88
50 134
50 165
50 284
50 290
50 360
50 374
50 407
50 462
50 466
50 467
51 11
51 109
51 114
51 134
51 196
51 219
51 221
51 226
51 243
51 259
51 326
51 369
51 416
51 458
52 43
52 105
52 147
52 156
52 195
52 257
53 131
53 205
53 249
53 366
53 384
53 441
54 10
54 22
54 32
54 44
54 94
54 136
54 180
54 356
54 430
54 437
54 453
55 50
55 88
55 165
55 183
55 284
55 290
55 360
55 381
55 407
55 462
55 466
55 467
56 4
56 13
56 34
56 66
56 70
56 207
56 388
56 463
57 14
57 42
57 82
57 193
57 254
57 277
57 309
57 310
57 329
57 424
57 445
57 451
58 30
58 170
58 271
58 350
58 376
58 390
59 15
59 197
59 209
59 274
59 296
59 306
59 331
59 346
59 358
59 408
59 448
59 496
60 126
60 313
60 318
60 321
60 478
60 480
61 36
61 49
61 77
61 130
61 158
61 169
61 314
61 372
61 375
61 389
61 393
61 415
61 443
61 455
61 469
61 483
62 76
62 100
62 104
62 115
62 198
62 293
62 354
62 405
62 414
62 449
62 473
62 490
63 45
63 47
63 121
63 127
63 137
63 173
63 211
63 343
63 367
63 380
63 391
63 400
63 452
63 484
64 16
64 70
64 124
64 129
64 162
64 269
64 298
64 319
64 371
64 388
64 419
64 434
64 435
64 459
64 494
64 497
65 2
65 18
65 110
65 197
65 222
65 244
65 274
65 296
65 397
65 408
65 436
65 446
65 456
65 488
66 4
66 13
66 34
66 56
66 99
66 135
66 207
66 233
66 292
66 373
66 386
66 396
66 463
66 477
67 21
67 22
67 32
67 44
67 94
67 133
67 136
67 188
67 303
67 356
67 430
67 453
68 88
68 161
68 175
68 189
68 301
68 352
68 353
68 370
68 378
68 404
68 426
68 454
69 17
69 89
69 167
69 248
69 313
69 321
69 431
69 460
69 482
69 499
70 4
70 13
70 16
70 56
70 64
70 124
70 129
70 233
70 333
70 494
70 497
71 362
71 406
71 427
71 474
72 122
72 187
72 216
72 231
72 234
72 349
72 398
72 470
73 25
73 37
73 47
73 93
73 127
73 148
73 184
73 200
73 201
73 211
73 316
73 324
73 343
73 380
73 391
73 399
73 400
74 88
74 149
74 161
74 166
74 189
74 357
74 378
74 385
74 404
74 440
74 447
75 116
75 193
75 253
75 310
75 329
76 2
76 62
76 85
76 104
76 115
76 157
76 244
76 293
76 446
76 456
77 61
77 169
77 348
77 415
77 450
77 483
78 29
78 46
78 79
78 91
78 125
78 194
78 288
78 335
78 341
78 362
78 422
78 423
78 461
78 474
79 29
79 78
79 91
79 125
79 163
79 194
79 220
79 228
79 420
79 461
80 45
80 117
80 173
80 367
80 442
80 452
80 484
81 40
81 102
81 213
81 261
81 273
81 280
81 302
81 401
81 442
81 485
82 0
82 42
82 57
82 86
82 159
82 199
82 254
82 310
83 9
83 106
83 112
83 240
83 282
83 289
83 344
83 465
84 36
84 49
84 130
84 144
84 287
84 307
84 314
84 334
84 339
84 363
84 364
84 375
84 389
84 449
84 473
84 490
85 2
85 76
85 100
85 104
85 115
85 198
85 293
85 354
85 405
85 449
85 473
85 490
86 0
86 82
86 96
86 174
86 199
86 277
86 336
86 399
86 424
86 445
87 12
87 97
87 118
87 151
87 152
87 153
87 185
87 325
87 330
87 392
88 50
88 55
88 68
88 74
88 149
88 290
88 360
88 378
88 407
88 466
88 467
89 69
89 167
89 168
89 179
89 236
89 270
89 387
89 413
89 460
89 464
90 239
90 250
90 264
90 266
90 298
90 338
90 418
90 419
91 29
91 78
91 79
91 335
91 362
91 376
91 423
91 474
92 28
92 31
92 105
92 131
92 195
92 210
92 249
92 323
93 73
93 132
93 174
93 184
93 201
93 211
93 255
93 316
93 343
93 380
94 32
94 54
94 67
94 107
94 165
94 290
94 360
94 430
94 466
95 5
95 8
95 145
95 191
95 227
95 291
95 379
95 382
95 433
95 468
95 481
95 486
96 86
96 278
96 294
96 336
96 424
97 12
97 41
97 87
97 101
97 151
97 152
97 160
97 320
97 325
97 330
97 392
97 411
97 428
98 167
98 179
98 223
98 279
98 345
98 464
99 23
99 34
99 66
99 135
99 233
99 292
99 373
99 386
99 396
99 463
99 477
100 62
100 85
100 104
100 144
100 198
100 293
100 405
100 414
100 490
101 25
101 41
101 97
101 108
101 151
101 160
101 181
101 300
101 330
101 368
101 377
101 411
102 5
102 40
102 81
102 213
102 227
102 251
102 261
102 273
102 280
102 337
102 485
103 8
103 150
103 157
103 191
103 237
103 291
103 307
103 339
103 379
103 382
103 383
103 433
103 468
104 62
104 76
104 85
104 100
104 144
104 157
104 293
104 354
104 405
104 414
104 449
104 473
104 490
105 28
105 52
105 92
105 195
105 210
105 225
105 240
105 295
106 9
106 83
106 112
106 147
106 220
106 225
106 240
106 289
106 344
106 355
106 475
107 21
107 22
107 94
107 133
107 188
107 303
107 356
107 453
108 39
108 101
108 128
108 182
108 232
108 245
108 268
108 368
108 377
108 411
108 491
109 26
109 51
109 114
109 196
109 239
109 250
109 264
109 266
109 311
109 326
109 332
109 338
109 418
109 419
110 65
110 203
110 244
110 347
110 397
110 421
110 436
110 456
110 479
110 488
110 489
111 168
111 169
111 179
111 315
111 450
112 83
112 106
112 147
112 163
112 220
112 225
112 257
112 289
112 355
112 465
112 475
113 1
113 21
113 133
113 176
113 267
113 271
113 476
114 51
114 109
114 196
114 202
114 226
114 239
114 250
114 256
114 259
114 311
114 332
114 418
115 62
115 76
115 85
115 293
115 421
115 456
116 75
116 193
116 253
116 309
117 37
117 47
117 80
117 127
117 173
117 324
117 400
117 452
117 484
118 12
118 87
118 151
118 152
118 330
118 392
119 6
119 222
119 291
119 296
119 306
119 379
119 433
120 122
120 146
120 187
120 216
120 224
120 231
120 349
120 398
120 470
121 47
121 63
121 127
121 173
121 324
121 452
121 484
122 72
122 120
122 224
122 234
122 349
123 1
123 176
123 218
123 242
123 359
123 471
124 4
124 13
124 34
124 64
124 70
124 129
124 207
124 233
124 388
124 435
124 494
125 29
125 78
125 79
125 163
125 220
125 228
125 355
126 60
126 186
126 321
126 480
126 487
126 499
127 37
127 47
127 63
127 73
127 117
127 121
127 137
127 200
127 211
127 324
127 343
127 367
127 380
127 400
128 25
128 37
128 41
128 47
128 108
128 148
128 173
128 182
128 232
128 300
128 324
128 400
128 411
129 16
129 64
129 70
129 124
129 269
129 333
129 388
129 497
130 36
130 61
130 84
130 348
130 363
130 364
130 372
130 375
130 393
130 415
130 469
130 483
130 495
131 28
131 53
131 92
131 172
131 195
131 249
131 282
131 295
131 366
131 384
131 457
132 24
132 25
132 93
132 138
132 184
132 283
132 316
132 320
132 342
132 399
132 428
133 67
133 107
133 113
133 303
133 420
133 425
134 50
134 51
134 183
134 208
134 226
134 243
134 256
134 260
134 284
134 311
134 326
134 381
134 462
135 4
135 13
135 23
135 66
135 99
135 140
135 142
135 207
135 233
135 292
135 388
135 396
135 444
135 463
136 3
136 22
136 44
136 54
136 67
136 180
136 188
136 289
136 344
136 420
136 437
136 441
136 475
137 19
137 30
137 63
137 127
137 200
137 211
137 258
138 24
138 25
138 132
138 148
138 160
138 181
138 184
138 201
138 283
138 316
138 342
138 411
139 11
139 26
139 33
139 196
139 221
139 243
139 256
139 259
139 351
139 369
139 374
139 416
139 458
139 492
140 23
140 135
140 292
140 322
140 396
141 161
141 175
141 206
141 246
141 247
141 281
141 285
141 302
141 305
141 395
141 401
141 440
142 4
142 13
142 135
142 162
142 233
142 319
142 333
142 345
142 388
142 478
143 18
143 192
143 203
143 308
143 347
143 479
143 488
143 489
144 84
144 100
144 104
144 198
144 354
144 363
144 364
144 375
144 405
144 414
144 449
144 473
144 490
144 495
145 5
145 95
145 191
145 227
145 261
145 280
145 305
145 379
145 382
145 433
146 120
146 216
146 224
146 276
147 9
147 52
147 106
147 112
147 156
147 225
147 240
147 257
147 361
147 394
147 465
148 25
148 73
148 128
148 138
148 184
148 201
148 232
148 320
148 368
148 400
148 411
148 491
149 74
149 88
149 166
149 218
149 235
149 301
149 357
149 360
149 385
149 447
149 471
150 8
150 103
150 191
150 287
150 307
150 334
150 339
150 498
151 38
151 87
151 97
151 101
151 118
151 152
151 153
151 185
151 263
151 325
151 330
152 38
152 87
152 97
152 118
152 151
152 185
152 263
152 317
152 325
152 330
152 392
153 12
153 38
153 87
153 151
153 185
153 263
153 325
153 392
154 36
154 252
154 281
154 297
154 443
154 498
155 42
155 299
155 451
156 9
156 43
156 52
156 147
156 214
156 225
156 365
157 2
157 76
157 103
157 104
157 222
157 237
157 354
157 414
157 446
157 449
157 473
157 481
158 17
158 36
158 49
158 61
158 169
158 348
158 415
158 469
158 483
159 14
159 42
159 82
159 199
159 254
159 277
159 309
159 310
159 329
159 424
159 445
159 451
160 25
160 41
160 97
160 101
160 138
160 181
160 283
160 320
160 330
160 368
160 392
160 411
160 428
161 68
161 74
161 141
161 206
161 301
161 352
161 378
161 385
161 404
161 426
161 440
161 472
161 493
162 64
162 142
162 279
162 318
162 333
162 388
162 459
162 478
163 9
163 46
163 79
163 112
163 125
163 194
163 228
163 289
163 344
163 465
163 475
164 19
164 241
164 267
164 271
164 403
164 476
165 10
165 50
165 55
165 94
165 183
165 243
165 284
165 356
165 374
165 381
165 407
165 466
165 467
166 74
166 149
166 189
166 218
166 235
166 242
166 301
166 357
166 359
166 385
166 404
166 440
166 471
167 17
167 69
167 89
167 98
167 168
167 179
167 236
167 248
167 286
167 313
167 321
167 413
167 450
167 460
167 464
167 482
168 89
168 111
168 167
168 169
168 236
168 286
168 413
168 431
168 443
168 450
168 482
169 61
169 77
169 111
169 158
169 168
169 236
169 348
169 393
169 450
169 482
169 483
170 58
170 224
170 234
170 241
170 271
170 350
170 390
170 403
170 410
171 230
172 20
172 131
172 205
172 282
172 366
172 384
172 438
172 441
173 37
173 47
173 63
173 80
173 117
173 121
173 128
173 182
173 232
173 245
173 268
173 324
173 377
173 400
173 442
173 452
173 491
174 86
174 93
174 200
174 201
174 258
174 278
174 294
174 336
174 380
174 399
174 424
175 7
175 68
175 141
175 206
175 247
175 252
175 352
175 395
175 454
175 472
175 493
176 1
176 21
176 113
176 123
176 303
176 376
176 425
176 476
177 212
177 351
177 429
177 492
178 5
178 222
178 227
178 262
178 291
178 306
178 379
178 382
178 433
178 468
178 481
179 17
179 89
179 98
179 111
179 167
179 236
179 286
179 413
179 431
179 450
179 464
179 482
180 3
180 22
180 32
180 44
180 54
180 136
180 188
180 430
180 441
180 453
181 25
181 38
181 101
181 138
181 160
181 283
181 320
181 330
181 392
181 411
182 39
182 108
182 128
182 173
182 232
182 245
182 377
182 442
182 452
182 491
183 11
183 55
183 134
183 165
183 196
183 226
183 256
183 284
183 290
183 374
183 407
183 462
183 466
184 25
184 37
184 73
184 93
184 132
184 138
184 148
184 320
184 342
184 399
184 428
185 12
185 87
185 151
185 152
185 153
185 238
185 265
185 317
185 412
185 417
186 126
186 208
186 226
186 260
186 311
186 318
186 326
186 480
187 72
187 120
187 224
187 299
188 22
188 32
188 44
188 67
188 107
188 136
188 180
188 356
188 420
188 430
188 437
188 453
189 68
189 74
189 166
189 206
189 301
189 352
189 385
189 395
189 404
189 426
189 472
189 493
190 209
190 238
190 265
190 317
190 412
190 417
190 448
190 496
191 8
191 95
191 103
191 145
191 150
191 305
191 382
191 383
191 433
191 481
191 486
191 498
192 143
192 347
192 489
193 57
193 75
193 116
193 229
193 254
193 309
193 329
194 29
194 78
194 79
194 163
194 228
194 289
194 355
194 475
195 52
195 92
195 105
195 131
195 210
195 240
195 295
195 323
196 26
196 51
196 109
196 114
196 139
196 183
196 221
196 226
196 243
196 259
196 260
196 374
196 381
197 15
197 48
197 59
197 65
197 209
197 296
197 346
197 397
197 408
198 62
198 85
198 100
198 144
198 354
198 414
198 473
199 0
199 14
199 42
199 82
199 86
199 159
199 277
199 278
199 424
199 445
199 451
200 19
200 73
200 127
200 137
200 174
200 211
200 241
200 258
200 380
200 391
200 399
200 403
201 25
201 73
201 93
201 138
201 148
201 174
201 255
201 316
201 320
201 342
201 399
202 114
202 239
202 250
202 266
202 298
202 311
202 318
202 332
202 338
202 418
202 419
203 18
203 110
203 143
203 308
203 347
203 436
203 456
203 479
203 488
203 489
204 27
204 43
204 215
204 275
204 432
205 11
205 20
205 33
205 53
205 172
205 217
205 366
205 384
205 437
205 439
205 441
205 458
206 141
206 161
206 175
206 189
206 246
206 261
206 285
206 302
206 305
206 472
207 4
207 16
207 56
207 66
207 124
207 135
207 233
207 386
207 388
207 463
208 134
208 186
208 226
208 326
208 462
208 480
209 15
209 48
209 59
209 190
209 197
209 238
209 331
209 346
209 358
209 448
210 31
210 92
210 105
210 195
210 240
210 323
211 19
211 37
211 47
211 63
211 73
211 93
211 127
211 137
211 200
211 258
211 324
211 343
211 391
211 399
211 400
212 33
212 177
212 219
212 259
212 351
212 369
212 416
212 492
213 39
213 81
213 102
213 251
213 280
213 304
213 337
213 442
214 43
214 156
214 257
214 361
214 365
215 27
215 43
215 204
215 432
216 72
216 120
216 146
216 224
216 349
216 398
216 470
217 11
217 20
217 33
217 205
217 366
217 384
217 416
217 438
217 441
217 458
218 1
218 123
218 149
218 166
218 242
218 357
218 447
218 471
219 26
219 33
219 51
219 212
219 221
219 256
219 351
219 369
219 416
219 439
219 458
219 492
220 9
220 46
220 79
220 106
220 112
220 125
220 228
220 289
220 422
220 465
220 475
221 11
221 26
221 51
221 139
221 196
221 219
221 243
221 256
221 259
221 351
221 416
221 439
221 458
221 492
222 65
222 119
222 157
222 178
222 237
222 244
222 291
222 379
222 481
223 98
223 279
223 313
223 345
223 464
223 478
224 120
224 122
224 146
224 170
224 187
224 216
224 276
224 349
224 470
225 9
225 43
225 105
225 106
225 112
225 147
225 156
225 240
225 257
225 361
225 365
226 26
226 51
226 114
226 134
226 183
226 186
226 196
226 208
226 243
226 256
226 260
226 284
226 311
226 326
226 374
226 381
227 95
227 102
227 145
227 178
227 280
227 304
227 337
227 379
227 383
227 433
227 486
228 29
228 46
228 79
228 125
228 163
228 194
228 220
228 355
228 422
228 427
228 461
228 474
229 193
229 253
229 254
229 272
230 24
230 171
230 272
230 283
231 72
231 120
231 234
231 335
231 349
231 362
231 398
231 423
231 470
232 25
232 37
232 47
232 108
232 128
232 148
232 173
232 182
232 268
232 300
232 324
232 368
232 377
232 400
232 452
233 4
233 13
233 16
233 34
233 66
233 70
233 99
233 124
233 135
233 142
233 207
233 386
233 388
233 396
234 72
234 122
234 170
234 231
234 362
234 390
234 410
234 423
234 470
235 149
235 166
235 242
235 385
235 404
235 447
235 471
236 17
236 89
236 167
236 168
236 169
236 179
236 315
236 431
236 450
236 482
237 2
237 103
237 157
237 222
237 354
237 379
237 446
237 449
237 468
237 481
238 185
238 190
238 209
238 265
238 331
238 417
238 496
239 90
239 109
239 114
239 202
239 250
239 264
239 269
239 298
239 332
239 338
239 419
240 28
240 43
240 83
240 105
240 106
240 147
240 195
240 210
240 225
240 257
240 323
240 465
241 19
241 30
241 164
241 170
241 200
241 258
241 271
241 294
241 350
241 391
241 410
242 45
242 123
242 166
242 218
242 235
242 357
242 359
242 425
242 447
242 484
243 11
243 51
243 134
243 139
243 165
243 196
243 221
243 226
243 256
243 284
243 326
243 374
243 439
243 458
243 462
244 2
244 18
244 65
244 76
244 110
244 222
244 274
244 296
244 397
244 421
244 436
244 456
244 488
245 39
245 40
245 41
245 108
245 173
245 182
245 300
245 368
245 377
245 491
246 141
246 206
246 247
246 252
246 261
246 305
246 395
246 472
246 498
247 141
247 175
247 246
247 252
247 305
247 454
247 472
247 498
248 7
248 17
248 69
248 167
248 413
248 431
248 460
248 464
249 20
249 31
249 53
249 92
249 131
249 282
249 366
249 384
249 457
250 90
250 109
250 114
250 202
250 239
250 266
250 298
250 332
250 338
250 418
250 419
251 40
251 102
251 213
251 273
251 280
251 285
251 302
251 442
252 7
252 154
252 175
252 246
252 247
252 281
252 297
252 387
252 454
252 498
253 75
253 116
253 229
253 254
253 309
253 329
254 14
254 57
254 82
254 159
254 193
254 229
254 253
254 309
254 310
254 445
255 93
255 201
255 277
255 278
255 294
255 399
255 424
256 11
256 114
256 134
256 139
256 183
256 219
256 221
256 226
256 243
256 259
256 381
256 416
256 439
257 9
257 52
257 112
257 147
257 214
257 225
257 240
257 361
257 365
257 394
258 19
258 137
258 174
258 200
258 211
258 241
258 294
258 343
258 350
258 380
259 26
259 51
259 114
259 139
259 196
259 212
259 221
259 256
259 338
259 351
259 369
259 416
259 439
259 492
260 134
260 186
260 196
260 226
260 284
260 311
260 326
260 374
260 462
260 480
261 81
261 102
261 145
261 206
261 246
261 273
261 280
261 281
261 285
261 395
261 401
261 486
262 5
262 6
262 178
262 291
262 306
262 379
263 12
263 151
263 152
263 153
263 317
263 325
263 412
263 417
264 90
264 109
264 239
264 332
264 338
264 369
264 418
265 185
265 190
265 238
265 317
265 412
265 417
265 448
265 496
266 90
266 109
266 202
266 250
266 269
266 298
266 332
266 338
266 419
267 113
267 164
267 271
267 350
267 390
267 410
268 39
268 41
268 108
268 173
268 232
268 368
268 377
268 491
269 64
269 129
269 239
269 266
269 298
269 418
269 419
269 434
269 435
269 494
270 7
270 17
270 89
270 286
270 413
270 454
270 460
271 30
271 58
271 113
271 164
271 170
271 241
271 267
271 350
271 376
271 390
271 410
271 476
272 24
272 229
272 230
272 283
272 342
273 81
273 102
273 251
273 261
273 280
273 285
273 302
273 401
273 442
273 485
274 15
274 48
274 59
274 65
274 244
274 346
274 397
274 436
275 27
275 43
275 204
275 361
275 432
276 146
276 224
276 299
276 328
277 14
277 57
277 86
277 159
277 199
277 255
277 278
277 445
278 96
278 174
278 199
278 255
278 277
278 336
278 424
279 98
279 162
279 223
279 292
279 313
279 319
279 321
279 459
279 478
279 487
279 499
280 5
280 40
280 81
280 102
280 145
280 213
280 227
280 251
280 261
280 273
280 302
280 304
280 305
280 337
280 382
280 433
281 141
281 154
281 252
281 261
281 305
281 498
282 28
282 83
282 131
282 172
282 249
282 366
282 384
283 24
283 132
283 138
283 160
283 181
283 230
283 272
283 320
283 342
283 428
284 50
284 55
284 134
284 165
284 183
284 226
284 243
284 260
284 290
284 360
284 381
284 462
284 466
285 141
285 206
285 251
285 261
285 273
285 302
285 395
285 472
285 485
286 17
286 167
286 168
286 179
286 270
286 387
286 431
286 460
287 84
287 150
287 297
287 307
287 354
287 363
287 364
287 375
287 389
287 449
287 473
288 29
288 78
288 335
288 376
288 390
288 461
289 3
289 44
289 83
289 106
289 112
289 136
289 163
289 194
289 220
289 344
289 355
289 453
289 465
289 475
290 50
290 55
290 88
290 94
290 183
290 284
290 356
290 462
290 467
291 95
291 103
291 119
291 178
291 222
291 262
291 379
291 382
291 433
291 446
291 468
291 481
292 4
292 13
292 23
292 66
292 99
292 135
292 140
292 279
292 345
292 388
292 396
292 444
292 463
293 62
293 76
293 85
293 100
293 104
293 115
293 354
293 414
294 19
294 96
294 174
294 241
294 255
294 258
294 399
294 403
295 31
295 105
295 131
295 195
295 323
296 15
296 48
296 59
296 65
296 119
296 197
296 244
296 346
296 358
296 436
297 36
297 154
297 252
297 287
297 334
297 339
297 443
297 498
298 64
298 90
298 202
298 239
298 250
298 266
298 269
298 434
298 497
299 155
299 187
299 276
299 328
300 39
300 41
300 101
300 128
300 232
300 245
300 368
300 377
300 411
300 491
301 68
301 149
301 161
301 166
301 189
301 353
301 357
301 378
301 440
301 447
302 81
302 141
302 206
302 251
302 273
302 280
302 285
302 395
302 401
302 440
303 21
303 67
303 107
303 133
303 176
303 420
303 425
304 5
304 6
304 35
304 40
304 213
304 227
304 280
305 141
305 145
305 191
305 206
305 246
305 247
305 280
305 281
305 383
305 401
305 486
305 498
306 6
306 35
306 48
306 59
306 119
306 178
306 262
306 331
306 346
306 358
307 84
307 103
307 150
307 287
307 334
307 354
307 449
307 473
308 143
308 203
309 57
309 116
309 159
309 193
309 253
309 254
309 310
309 327
309 329
310 0
310 42
310 57
310 75
310 82
310 159
310 254
310 309
310 329
310 445
310 451
311 109
311 114
311 134
311 186
311 202
311 226
311 260
311 480
312 352
312 370
312 378
312 385
312 404
312 426
313 60
313 69
313 167
313 223
313 279
313 321
313 345
313 431
313 464
313 487
314 61
314 84
314 348
314 363
314 364
314 372
314 375
314 393
314 469
314 483
314 495
315 111
315 236
315 450
316 25
316 37
316 73
316 93
316 132
316 138
316 201
316 320
316 380
316 399
316 400
317 152
317 185
317 190
317 263
317 265
317 325
317 331
317 417
318 60
318 162
318 186
318 202
318 319
318 333
318 371
318 459
318 480
318 487
319 4
319 13
319 64
319 142
319 279
319 318
319 333
319 371
319 388
319 478
320 25
320 97
320 132
320 148
320 160
320 181
320 184
320 201
320 283
320 316
320 330
320 342
320 368
320 411
321 60
321 69
321 126
321 167
321 279
321 313
321 413
321 431
321 464
321 487
321 499
322 23
322 140
322 444
323 28
323 43
323 92
323 195
323 210
323 240
323 295
324 73
324 117
324 121
324 127
324 128
324 173
324 211
324 232
324 367
324 380
324 391
324 400
324 452
324 491
325 12
325 38
325 87
325 97
325 151
325 152
325 153
325 263
325 317
325 392
325 412
325 417
326 26
326 51
326 109
326 134
326 186
326 208
326 226
326 243
326 260
326 374
327 14
327 309
327 329
327 451
328 42
328 276
328 299
329 14
329 57
329 75
329 159
329 193
329 253
329 309
329 310
329 327
330 12
330 38
330 87
330 97
330 101
330 118
330 151
330 152
330 160
330 181
330 320
330 392
330 428
331 59
331 209
331 238
331 306
331 317
331 412
331 417
331 496
332 109
332 114
332 202
332 239
332 250
332 264
332 266
332 338
332 419
333 16
333 70
333 129
333 142
333 162
333 318
333 319
333 371
333 419
333 434
333 435
333 459
333 494
334 36
334 49
334 84
334 150
334 297
334 307
334 339
334 363
334 375
334 389
334 473
335 78
335 91
335 231
335 288
335 390
335 406
335 423
335 461
335 474
336 86
336 96
336 174
336 278
337 5
337 6
337 35
337 40
337 102
337 213
337 227
337 280
338 26
338 90
338 109
338 202
338 239
338 250
338 259
338 264
338 266
338 332
338 418
339 84
339 103
339 150
339 297
339 334
339 354
339 363
339 389
339 449
339 473
340 46
340 406
340 422
340 427
340 474
341 78
341 362
341 390
341 406
341 423
341 461
341 474
342 24
342 25
342 132
342 138
342 184
342 201
342 272
342 283
342 320
343 19
343 37
343 63
343 73
343 93
343 127
343 211
343 258
343 399
343 403
344 3
344 44
344 83
344 106
344 136
344 163
344 289
344 355
344 441
344 453
344 465
345 98
345 142
345 223
345 292
345 313
345 478
345 499
346 15
346 59
346 197
346 209
346 274
346 296
346 306
346 358
346 408
346 496
347 110
347 143
347 192
347 203
347 479
347 488
347 489
348 36
348 49
348 77
348 130
348 158
348 169
348 314
348 363
348 372
348 375
348 389
348 415
348 443
348 455
348 469
349 72
349 120
349 122
349 216
349 224
349 231
349 470
350 19
350 30
350 58
350 170
350 241
350 258
350 267
350 271
350 403
350 410
351 26
351 33
351 139
351 177
351 212
351 219
351 221
351 259
351 416
351 429
352 7
352 68
352 161
352 175
352 189
352 312
352 353
352 370
352 378
352 454
352 493
353 68
353 301
353 352
353 370
353 378
353 385
353 404
353 407
353 426
353 467
353 493
354 2
354 62
354 85
354 104
354 144
354 157
354 198
354 237
354 287
354 293
354 307
354 339
354 449
354 490
355 3
355 9
355 106
355 112
355 125
355 194
355 228
355 289
355 344
355 475
356 10
356 32
356 54
356 67
356 107
356 165
356 188
356 290
356 360
356 430
356 466
357 74
357 149
357 166
357 218
357 242
357 301
357 359
357 385
357 404
357 471
358 15
358 48
358 59
358 209
358 296
358 306
358 346
358 397
358 408
358 496
359 1
359 45
359 123
359 166
359 242
359 357
359 367
359 425
360 50
360 55
360 88
360 94
360 149
360 284
360 356
360 385
360 407
360 462
360 466
361 43
361 147
361 214
361 225
361 257
361 275
361 365
362 71
362 78
362 91
362 231
362 234
362 341
362 406
362 423
362 461
363 36
363 84
363 130
363 144
363 287
363 314
363 334
363 339
363 348
363 364
363 372
363 389
363 415
363 455
363 495
364 36
364 49
364 84
364 130
364 144
364 287
364 314
364 363
364 372
364 375
364 389
364 415
364 455
364 469
364 473
364 490
364 495
365 156
365 214
365 225
365 257
365 361
365 394
366 53
366 131
366 172
366 205
366 217
366 249
366 282
366 429
366 438
367 47
367 63
367 80
367 127
367 324
367 359
367 452
367 484
368 25
368 37
368 41
368 101
368 108
368 148
368 160
368 232
368 245
368 268
368 300
368 320
368 400
368 411
368 428
369 26
369 51
369 139
369 212
369 219
369 259
369 264
369 416
369 439
370 68
370 312
370 352
370 353
370 378
371 4
371 64
371 318
371 319
371 333
371 388
371 478
372 49
372 61
372 130
372 314
372 348
372 363
372 364
372 375
372 393
372 415
372 469
372 483
373 66
373 99
373 463
374 11
374 50
374 139
374 165
374 183
374 196
374 226
374 243
374 260
374 326
374 381
374 458
374 462
375 36
375 61
375 84
375 130
375 144
375 287
375 314
375 334
375 348
375 364
375 372
375 389
375 393
375 415
375 455
376 58
376 91
376 176
376 271
376 288
376 390
376 476
377 25
377 37
377 41
377 101
377 108
377 173
377 182
377 232
377 245
377 268
377 300
377 400
377 411
377 428
378 68
378 74
378 88
378 161
378 301
378 312
378 352
378 353
378 370
378 385
378 404
378 407
378 426
378 467
378 493
379 6
379 8
379 95
379 103
379 119
379 145
379 178
379 222
379 227
379 237
379 262
379 291
379 382
379 383
379 468
379 486
380 19
380 37
380 63
380 73
380 93
380 127
380 174
380 200
380 258
380 316
380 324
380 399
381 11
381 55
381 134
381 165
381 196
381 226
381 256
381 284
381 374
381 458
381 462
382 5
382 6
382 8
382 95
382 103
382 145
382 178
382 191
382 280
382 291
382 379
382 383
382 481
382 486
383 5
383 103
383 191
383 227
383 305
383 379
383 382
383 433
383 481
383 486
384 53
384 131
384 172
384 205
384 217
384 249
384 282
384 429
384 438
385 74
385 149
385 161
385 166
385 189
385 235
385 312
385 353
385 357
385 360
385 378
385 407
385 447
385 467
385 493
386 4
386 13
386 34
386 66
386 99
386 207
386 233
386 396
386 463
387 7
387 17
387 89
387 252
387 286
387 413
387 443
387 454
387 460
388 13
388 16
388 34
388 56
388 64
388 124
388 129
388 135
388 142
388 162
388 207
388 233
388 292
388 319
388 371
388 435
388 459
388 494
389 36
389 61
389 84
389 287
389 334
389 339
389 348
389 363
389 364
389 375
389 415
389 443
389 469
389 483
390 58
390 170
390 234
390 267
390 271
390 288
390 335
390 341
390 376
390 410
390 423
391 19
391 63
391 73
391 200
391 211
391 241
391 324
391 403
392 12
392 38
392 87
392 97
392 118
392 152
392 153
392 160
392 181
392 325
392 330
393 49
393 61
393 130
393 169
393 314
393 372
393 375
393 415
393 455
393 469
394 9
394 46
394 147
394 257
394 365
394 402
394 422
395 141
395 175
395 189
395 246
395 261
395 285
395 302
395 401
395 472
395 493
396 34
396 66
396 99
396 135
396 140
396 233
396 292
396 386
396 444
396 477
397 18
397 65
397 110
397 197
397 244
397 274
397 358
397 408
397 436
397 488
398 72
398 120
398 216
398 231
399 73
399 86
399 132
399 174
399 184
399 200
399 201
399 211
399 255
399 294
399 316
399 343
399 380
400 63
400 73
400 117
400 127
400 128
400 148
400 173
400 211
400 232
400 316
400 324
400 368
400 377
400 452
400 491
401 81
401 141
401 261
401 273
401 302
401 305
401 395
401 440
401 472
401 485
402 46
402 394
402 422
402 427
403 19
403 30
403 164
403 170
403 200
403 294
403 343
403 350
403 391
403 410
404 68
404 74
404 161
404 166
404 189
404 235
404 312
404 353
404 357
404 378
404 447
404 467
404 493
405 62
405 85
405 100
405 104
405 144
405 473
406 71
406 335
406 340
406 341
406 362
406 423
407 50
407 55
407 88
407 165
407 183
407 353
407 360
407 378
407 385
407 462
408 15
408 48
408 59
408 65
408 197
408 346
408 358
408 397
408 436
409 444
410 30
410 170
410 234
410 241
410 267
410 271
410 350
410 390
410 403
411 41
411 97
411 101
411 108
411 128
411 138
411 148
411 160
411 181
411 300
411 320
411 368
411 377
411 428
411 491
412 185
412 190
412 263
412 265
412 325
412 331
412 496
413 17
413 89
413 167
413 168
413 179
413 248
413 270
413 321
413 387
413 431
413 482
414 62
414 100
414 104
414 144
414 157
414 198
414 293
414 449
414 473
414 490
415 49
415 61
415 77
415 130
415 158
415 348
415 363
415 364
415 372
415 375
415 389
415 393
415 455
415 483
416 11
416 33
416 51
416 139
416 212
416 217
416 219
416 221
416 256
416 259
416 351
416 369
416 439
416 458
417 185
417 190
417 238
417 263
417 265
417 317
417 325
417 331
417 496
418 90
418 109
418 114
418 202
418 250
418 264
418 269
418 338
418 419
419 64
419 90
419 109
419 202
419 239
419 250
419 266
419 269
419 332
419 333
419 418
419 434
419 497
420 21
420 22
420 29
420 44
420 79
420 133
420 136
420 188
420 303
420 453
421 2
421 110
421 115
421 244
421 446
421 456
421 488
422 78
422 220
422 228
422 340
422 394
422 402
423 78
423 91
423 231
423 234
423 335
423 341
423 362
423 390
423 406
423 461
423 470
423 474
424 0
424 14
424 42
424 57
424 86
424 96
424 159
424 174
424 199
424 255
424 278
424 445
425 1
425 21
425 133
425 176
425 242
425 303
425 359
425 471
426 7
426 68
426 161
426 189
426 312
426 353
426 378
426 454
426 472
426 493
427 71
427 228
427 340
427 402
428 25
428 97
428 132
428 160
428 184
428 283
428 330
428 368
428 377
428 411
429 33
429 177
429 351
429 366
429 384
429 438
429 457
429 492
430 11
430 22
430 54
430 67
430 94
430 180
430 188
430 356
430 437
430 441
431 69
431 168
431 179
431 236
431 248
431 286
431 313
431 321
431 413
431 460
431 464
431 482
432 204
432 215
432 275
433 6
433 8
433 95
433 103
433 119
433 145
433 178
433 191
433 227
433 280
433 291
433 383
433 486
434 16
434 64
434 269
434 298
434 333
434 419
434 435
434 494
434 497
435 4
435 16
435 64
435 124
435 269
435 333
435 388
435 434
435 497
436 65
436 110
436 203
436 244
436 274
436 296
436 397
436 408
436 456
436 479
436 488
436 489
437 10
437 32
437 44
437 54
437 136
437 188
437 205
437 430
437 441
437 453
438 172
438 217
438 366
438 384
438 429
438 439
438 441
438 458
439 26
439 33
439 205
439 219
439 221
439 243
439 256
439 259
439 369
439 416
439 438
439 492
440 74
440 141
440 161
440 166
440 301
440 302
440 401
440 472
440 485
440 493
441 32
441 44
441 53
441 136
441 172
441 180
441 205
441 217
441 344
441 430
441 437
441 438
441 453
442 40
442 80
442 81
442 173
442 182
442 213
442 251
442 273
442 485
443 17
443 36
443 61
443 154
443 168
443 297
443 348
443 387
443 389
443 469
443 483
444 23
444 135
444 292
444 322
444 396
444 409
445 0
445 42
445 57
445 86
445 159
445 199
445 254
445 277
445 310
445 424
445 451
446 65
446 76
446 157
446 237
446 291
446 421
446 468
446 481
447 74
447 149
447 218
447 235
447 242
447 301
447 385
447 404
447 471
448 48
448 59
448 190
448 209
448 265
448 496
449 62
449 84
449 85
449 104
449 144
449 157
449 237
449 287
449 307
449 339
449 354
449 414
449 468
449 473
450 77
450 111
450 167
450 168
450 169
450 179
450 236
450 315
450 482
451 0
451 14
451 42
451 57
451 155
451 159
451 199
451 310
451 327
451 445
452 37
452 45
452 47
452 63
452 80
452 117
452 121
452 173
452 182
452 232
452 324
452 367
452 400
452 484
453 3
453 22
453 32
453 54
453 67
453 107
453 180
453 188
453 289
453 344
453 420
453 437
453 441
454 68
454 175
454 247
454 252
454 270
454 352
454 387
454 426
454 472
455 61
455 348
455 363
455 364
455 375
455 393
455 415
455 469
455 483
456 18
456 65
456 76
456 110
456 115
456 203
456 244
456 421
456 436
456 479
456 488
456 489
457 31
457 131
457 249
457 429
458 10
458 33
458 51
458 139
458 205
458 217
458 219
458 221
458 243
458 374
458 381
458 416
458 438
459 4
459 13
459 64
459 162
459 279
459 318
459 333
459 388
459 478
459 494
460 17
460 69
460 89
460 167
460 248
460 270
460 286
460 387
460 431
460 464
460 482
461 29
461 78
461 79
461 228
461 288
461 335
461 341
461 362
461 423
462 50
462 55
462 134
462 183
462 208
462 243
462 260
462 284
462 290
462 360
462 374
462 381
462 407
462 466
462 467
463 13
463 34
463 56
463 66
463 99
463 135
463 207
463 292
463 373
463 386
463 477
464 89
464 98
464 167
464 179
464 223
464 248
464 313
464 321
464 431
464 460
464 482
464 487
464 499
465 9
465 83
465 112
465 147
465 163
465 220
465 240
465 289
465 344
465 475
466 10
466 50
466 55
466 88
466 94
466 165
466 183
466 284
466 356
466 360
466 462
466 467
467 50
467 55
467 88
467 165
467 290
467 353
467 378
467 385
467 404
467 462
467 466
468 2
468 8
468 95
468 103
468 178
468 237
468 291
468 379
468 446
468 449
468 481
469 36
469 61
469 130
469 158
469 314
469 348
469 364
469 372
469 389
469 393
469 443
469 455
470 72
470 120
470 216
470 224
470 231
470 234
470 349
470 423
471 123
471 149
471 166
471 218
471 235
471 357
471 425
471 447
472 7
472 161
472 175
472 189
472 206
472 246
472 247
472 285
472 395
472 401
472 426
472 440
472 454
472 493
473 62
473 84
473 85
473 104
473 144
473 157
473 198
473 287
473 307
473 334
473 339
473 364
473 405
473 414
473 449
474 71
474 78
474 91
474 228
474 335
474 340
474 341
474 423
475 3
475 9
475 106
475 112
475 136
475 163
475 194
475 220
475 289
475 355
475 465
476 30
476 113
476 164
476 176
476 271
476 376
477 34
477 66
477 99
477 396
477 463
478 60
478 142
478 162
478 223
478 279
478 319
478 345
478 371
478 459
478 487
479 18
479 110
479 143
479 203
479 347
479 436
479 456
479 489
480 60
480 126
480 186
480 208
480 260
480 311
480 318
481 2
481 8
481 95
481 157
481 178
481 191
481 222
481 237
481 291
481 382
481 383
481 446
481 468
482 17
482 69
482 167
482 168
482 169
482 179
482 236
482 413
482 431
482 450
482 460
482 464
483 36
483 61
483 77
483 130
483 158
483 169
483 314
483 372
483 389
483 415
483 443
483 455
484 63
484 80
484 117
484 121
484 242
484 367
484 452
485 81
485 102
485 273
485 285
485 401
485 440
485 442
486 5
486 8
486 95
486 191
486 227
486 261
486 305
486 379
486 382
486 383
486 433
487 126
487 279
487 313
487 318
487 321
487 464
487 478
488 18
488 65
488 110
488 143
488 203
488 244
488 347
488 397
488 421
488 436
488 456
489 18
489 110
489 143
489 192
489 203
489 347
489 436
489 456
489 479
490 62
490 84
490 85
490 100
490 104
490 144
490 354
490 364
490 414
490 495
491 37
491 47
491 108
491 148
491 173
491 182
491 245
491 268
491 300
491 324
491 400
491 411
492 26
492 33
492 139
492 177
492 212
492 219
492 221
492 259
492 429
492 439
493 161
493 175
493 189
493 352
493 353
493 378
493 385
493 395
493 404
493 426
493 440
493 472
494 4
494 16
494 64
494 70
494 124
494 269
494 333
494 388
494 434
494 459
494 497
495 130
495 144
495 314
495 363
495 364
495 490
496 48
496 59
496 190
496 238
496 265
496 331
496 346
496 358
496 412
496 417
496 448
497 16
497 64
497 70
497 129
497 298
497 419
497 434
497 435
497 494
498 150
498 154
498 191
498 246
498 247
498 252
498 281
498 297
498 305
499 69
499 126
499 279
499 321
499 345
499 464

324 -0.281250 0.375000
334 0.718750 0.218750
349 -1.000000 0.125000
487 0.531250 -0.500000
111 0.937500 -0.281250
141 0.281250 0.093750
161 0.218750 -0.062500
166 0.000000 -0.031250
142 0.687500 -0.718750
270 0.562500 -0.156250
291 0.500000 0.531250
381 0.031250 -0.531250
310 -0.843750 0.812500
79 -0.625000 -0.281250
391 -0.437500 0.343750
476 -0.468750 0.062500
74 0.062500 -0.093750
423 -0.812500 -0.062500
479 0.750000 0.906250
27 -0.937500 -1.000000
131 -0.500000 -0.875000
231 -0.937500 0.000000
284 0.062500 -0.468750
257 -0.843750 -0.656250
437 -0.312500 -0.531250
470 -0.906250 0.093750
31 -0.500000 -1.000000
106 -0.656250 -0.593750
233 0.781250 -0.843750
242 -0.125000 0.031250
137 -0.437500 0.250000
367 -0.218750 0.218750
322 0.968750 -0.593750
425 -0.250000 -0.093750
462 0.093750 -0.437500
151 -0.093750 0.875000
169 0.906250 -0.125000
251 0.093750 0.281250
286 0.656250 -0.218750
86 -0.656250 0.562500
356 -0.187500 -0.375000
232 -0.218750 0.500000
314 0.937500 0.125000
339 0.687500 0.281250
387 0.562500 -0.125000
16 0.625000 -0.937500
148 -0.281250 0.562500
170 -0.718750 0.156250
180 -0.375000 -0.531250
187 -0.937500 0.312500
221 0.000000 -0.750000
492 -0.062500 -0.875000
114 0.187500 -0.781250
126 0.468750 -0.468750
127 -0.343750 0.343750
264 0.156250 -0.968750
273 0.125000 0.250000
347 0.781250 0.875000
438 -0.250000 -0.750000
265 0.156250 0.968750
488 0.750000 0.843750
26 0.062500 -0.781250
119 0.437500 0.625000
204 -0.906250 -0.968750
243 0.031250 -0.593750
7 0.437500 -0.093750
11 -0.093750 -0.625000
67 -0.281250 -0.343750
303 -0.312500 -0.218750
92 -0.562500 -0.937500
167 0.718750 -0.312500
236 0.843750 -0.281250
241 -0.593750 0.250000
2 0.687500 0.593750
65 0.625000 0.750000
149 -0.062500 -0.156250
480 0.343750 -0.531250
379 0.468750 0.468750
244 0.656250 0.718750
260 0.218750 -0.500000
331 0.218750 0.781250
360 -0.031250 -0.312500
46 -0.812500 -0.375000
98 0.812500 -0.468750
107 -0.281250 -0.312500
150 0.625000 0.250000
4 0.718750 -0.812500
20 -0.343750 -0.750000
25 -0.312500 0.656250
36 0.750000 0.093750
345 0.750000 -0.562500
490 0.937500 0.375000
370 0.312500 -0.281250
409 0.968750 -0.468750
1 -0.281250 0.031250
14 -0.843750 0.718750
174 -0.593750 0.500000
219 -0.031250 -0.812500
280 0.250000 0.375000
71 -0.968750 -0.218750
78 -0.750000 -0.218750
178 0.437500 0.562500
279 0.687500 -0.562500
5 0.312500 0.468750
134 0.125000 -0.562500
304 0.187500 0.500000
424 -0.718750 0.625000
422 -0.843750 -0.375000
443 0.718750 -0.031250
84 0.812500 0.250000
129 0.562500 -0.968750
144 0.906250 0.312500
228 -0.750000 -0.343750
465 -0.625000 -0.593750
252 0.468750 0.031250
262 0.406250 0.625000
415 0.937500 0.062500
416 -0.062500 -0.781250
450 0.875000 -0.250000
312 0.250000 -0.250000
418 0.281250 -0.937500
441 -0.343750 -0.593750
23 0.906250 -0.687500
47 -0.250000 0.375000
103 0.562500 0.406250
353 0.187500 -0.250000
239 0.281250 -0.906250
433 0.406250 0.468750
457 -0.343750 -0.937500
49 0.843750 0.125000
93 -0.468750 0.531250
210 -0.625000 -0.875000
211 -0.406250 0.406250
321 0.593750 -0.406250
408 0.531250 0.906250
498 0.500000 0.156250
32 -0.250000 -0.500000
39 0.062500 0.500000
133 -0.375000 -0.187500
213 0.125000 0.406250
109 0.218750 -0.812500
146 -1.000000 0.312500
355 -0.625000 -0.437500
400 -0.250000 0.468750
448 0.312500 1.000000
28 -0.625000 -0.843750
42 -0.875000 0.656250
249 -0.437500 -0.906250
277 -0.718750 0.656250
316 -0.406250 0.562500
115 0.875000 0.656250
123 -0.250000 0.000000
153 -0.062500 1.000000
307 0.687500 0.312500
184 -0.406250 0.593750
452 -0.187500 0.343750
430 -0.218750 -0.500000
6 0.312500 0.562500
207 0.750000 -0.906250
300 -0.062500 0.593750
394 -0.906250 -0.500000
72 -0.875000 0.156250
96 -0.781250 0.468750
118 -0.187500 1.000000
235 -0.031250 -0.093750
460 0.593750 -0.281250
3 -0.468750 -0.406250
117 -0.218750 0.312500
159 -0.812500 0.750000
193 -0.843750 0.937500
489 0.812500 0.843750
54 -0.281250 -0.406250
62 0.906250 0.500000
124 0.687500 -0.937500
330 -0.218750 0.843750
160 -0.250000 0.750000
329 -0.937500 0.875000
446 0.656250 0.593750
469 0.843750 0.062500
258 -0.562500 0.343750
298 0.375000 -0.937500
301 0.093750 -0.093750
368 -0.187500 0.625000
75 -1.000000 0.906250
147 -0.781250 -0.625000
191 0.468750 0.312500
223 0.781250 -0.500000
372 1.000000 0.093750
197 0.500000 0.843750
458 -0.093750 -0.656250
407 0.062500 -0.343750
40 0.125000 0.437500
63 -0.281250 0.312500
81 0.156250 0.281250
253 -0.843750 0.968750
37 -0.281250 0.468750
41 -0.093750 0.687500
292 0.781250 -0.718750
451 -0.906250 0.687500
364 0.875000 0.218750
461 -0.687500 -0.187500
97 -0.187500 0.812500
116 -0.937500 1.000000
267 -0.531250 0.062500
309 -0.906250 0.906250
73 -0.375000 0.500000
200 -0.468750 0.375000
272 -0.562500 0.875000
58 -0.656250 0.062500
195 -0.656250 -0.843750
214 -1.000000 -0.718750
413 0.656250 -0.281250
100 1.000000 0.406250
474 -0.843750 -0.187500
475 -0.593750 -0.531250
491 -0.187500 0.500000
335 -0.781250 -0.093750
338 0.187500 -0.875000
403 -0.562500 0.250000
53 -0.406250 -0.750000
181 -0.281250 0.812500
281 0.437500 0.125000
323 -0.687500 -0.906250
315 0.968750 -0.312500
401 0.250000 0.125000
377 -0.187500 0.562500
395 0.218750 0.062500
10 -0.156250 -0.500000
222 0.593750 0.593750
274 0.531250 0.843750
308 0.937500 1.000000
471 -0.125000 -0.125000
57 -0.812500 0.781250
165 -0.031250 -0.437500
198 0.937500 0.468750
375 0.843750 0.156250
245 -0.031250 0.531250
254 -0.781250 0.875000
101 -0.156250 0.718750
237 0.625000 0.531250
238 0.187500 0.843750
363 0.843750 0.187500
382 0.406250 0.437500
496 0.281250 0.906250
412 0.125000 0.843750
59 0.375000 0.875000
196 0.125000 -0.656250
325 -0.031250 0.906250
390 -0.687500 0.031250
104 0.875000 0.468750
158 0.781250 -0.031250
34 0.812500 -0.906250
467 0.062500 -0.312500
483 0.843750 0.031250
225 -0.812500 -0.687500
255 -0.593750 0.562500
9 -0.750000 -0.562500
68 0.250000 -0.187500
205 -0.250000 -0.687500
212 -0.125000 -0.906250
419 0.375000 -0.875000
436 0.687500 0.875000
481 0.562500 0.468750
35 0.218750 0.625000
95 0.437500 0.406250
263 0.031250 0.968750
410 -0.656250 0.125000
466 -0.062500 -0.343750
468 0.593750 0.500000
473 0.781250 0.375000
154 0.593750 0.062500
283 -0.406250 0.843750
373 1.000000 -0.937500
396 0.906250 -0.781250
163 -0.656250 -0.437500
85 0.843750 0.500000
398 -1.000000 0.093750
429 -0.218750 -0.906250
477 0.968750 -0.937500
179 0.781250 -0.343750
188 -0.343750 -0.406250
45 -0.218750 0.187500
482 0.750000 -0.218750
0 -0.812500 0.656250
108 -0.093750 0.593750
199 -0.781250 0.593750
343 -0.437500 0.375000
156 -0.906250 -0.656250
289 -0.562500 -0.500000
431 0.687500 -0.312500
94 -0.156250 -0.375000
183 0.031250 -0.500000
261 0.281250 0.218750
346 0.406250 0.812500
361 -0.906250 -0.750000
485 0.093750 0.218750
30 -0.531250 0.156250
120 -0.968750 0.156250
202 0.343750 -0.812500
294 -0.656250 0.406250
105 -0.687500 -0.812500
240 -0.718750 -0.750000
271 -0.562500 0.093750
354 0.781250 0.437500
439 -0.093750 -0.718750
186 0.312500 -0.562500
295 -0.625000 -0.937500
132 -0.437500 0.687500
192 0.937500 0.937500
282 -0.468750 -0.750000
459 0.593750 -0.718750
319 0.593750 -0.687500
378 0.156250 -0.218750
33 -0.156250 -0.750000
70 0.656250 -0.906250
276 -0.937500 0.343750
427 -0.906250 -0.375000
52 -0.812500 -0.750000
162 0.562500 -0.687500
318 0.437500 -0.656250
366 -0.343750 -0.781250
404 0.093750 -0.156250
164 -0.437500 0.156250
182 -0.062500 0.468750
456 0.781250 0.781250
203 0.843750 0.937500
447 0.000000 -0.062500
453 -0.406250 -0.437500
8 0.500000 0.343750
50 0.031250 -0.406250
56 0.781250 -0.937500
90 0.250000 -1.000000
38 -0.187500 0.968750
80 -0.093750 0.250000
256 0.062500 -0.656250
454 0.406250 -0.093750
185 0.031250 0.906250
484 -0.156250 0.187500
61 0.875000 0.000000
66 0.875000 -0.875000
332 0.250000 -0.937500
493 0.250000 -0.093750
259 0.031250 -0.812500
414 0.843750 0.437500
435 0.562500 -0.906250
417 0.125000 0.937500
296 0.531250 0.781250
365 -0.968750 -0.593750
384 -0.343750 -0.812500
399 -0.531250 0.531250
91 -0.687500 -0.125000
99 0.937500 -0.812500
143 0.875000 0.968750
327 -1.000000 0.812500
44 -0.406250 -0.468750
82 -0.718750 0.718750
344 -0.500000 -0.531250
359 -0.156250 0.062500
76 0.812500 0.625000
83 -0.593750 -0.625000
152 -0.062500 0.937500
393 0.968750 0.031250
374 0.062500 -0.562500
397 0.593750 0.781250
19 -0.531250 0.281250
226 0.156250 -0.625000
234 -0.781250 0.062500
290 -0.031250 -0.343750
302 0.187500 0.218750
442 0.000000 0.312500
69 0.656250 -0.343750
87 -0.125000 0.968750
88 0.093750 -0.250000
136 -0.437500 -0.437500
13 0.750000 -0.781250
24 -0.531250 0.812500
155 -0.968750 0.531250
383 0.437500 0.343750
168 0.781250 -0.187500
206 0.250000 0.062500
445 -0.750000 0.718750
311 0.250000 -0.656250
342 -0.468750 0.750000
352 0.281250 -0.156250
499 0.625000 -0.500000
139 -0.031250 -0.718750
306 0.343750 0.718750
317 0.093750 0.843750
268 -0.062500 0.531250
269 0.437500 -1.000000
176 -0.375000 -0.062500
299 -1.000000 0.437500
351 -0.093750 -0.875000
358 0.437500 0.843750
60 0.500000 -0.500000
77 0.968750 -0.093750
140 0.937500 -0.656250
157 0.718750 0.500000
17 0.687500 -0.187500
227 0.312500 0.437500
275 -0.968750 -0.906250
112 -0.718750 -0.562500
130 0.906250 0.125000
216 -0.937500 0.218750
449 0.750000 0.406250
135 0.812500 -0.750000
209 0.343750 0.906250
376 -0.531250 -0.031250
326 0.187500 -0.656250
426 0.312500 -0.156250
455 1.000000 0.125000
497 0.500000 -1.000000
22 -0.312500 -0.375000
48 0.406250 0.875000
208 0.250000 -0.500000
250 0.312500 -0.843750
89 0.687500 -0.218750
278 -0.656250 0.531250
128 -0.187500 0.531250
305 0.343750 0.218750
337 0.156250 0.500000
405 0.937500 0.437500
333 0.531250 -0.812500
21 -0.343750 -0.187500
64 0.531250 -0.843750
293 0.937500 0.531250
348 0.875000 0.031250
380 -0.437500 0.406250
18 0.718750 0.875000
121 -0.218750 0.250000
287 0.718750 0.281250
336 -0.750000 0.406250
220 -0.687500 -0.437500
464 0.656250 -0.375000
421 0.812500 0.687500
110 0.718750 0.812500
297 0.625000 0.125000
362 -0.843750 -0.093750
392 -0.156250 0.875000
173 -0.156250 0.406250
341 -0.781250 -0.125000
12 -0.093750 0.937500
175 0.312500 -0.062500
247 0.437500 0.062500
444 0.937500 -0.625000
190 0.218750 0.875000
224 -0.875000 0.250000
386 0.843750 -0.937500
15 0.468750 0.937500
102 0.187500 0.343750
122 -0.937500 0.093750
51 0.062500 -0.718750
194 -0.687500 -0.375000
357 -0.031250 -0.062500
463 0.906250 -0.843750
420 -0.468750 -0.312500
217 -0.218750 -0.718750
285 0.156250 0.125000
389 0.781250 0.125000
478 0.625000 -0.593750
230 -0.468750 0.937500
246 0.375000 0.125000
411 -0.218750 0.656250
472 0.281250 0.000000
218 -0.156250 -0.093750
369 0.000000 -0.875000
385 0.093750 -0.187500
113 -0.437500 -0.031250
171 -0.562500 1.000000
328 -0.968750 0.500000
340 -0.968750 -0.281250
55 0.000000 -0.375000
486 0.375000 0.375000
125 -0.718750 -0.375000
402 -0.968750 -0.437500
495 1.000000 0.281250
189 0.156250 -0.062500
350 -0.625000 0.218750
172 -0.406250 -0.718750
177 -0.187500 -0.937500
406 -0.937500 -0.187500
145 0.375000 0.343750
288 -0.625000 -0.125000
29 -0.593750 -0.250000
215 -0.968750 -0.937500
320 -0.343750 0.718750
371 0.562500 -0.718750
428 -0.281250 0.718750
432 -0.875000 -1.000000
434 0.468750 -0.968750
43 -0.843750 -0.812500
201 -0.437500 0.593750
229 -0.687500 1.000000
266 0.281250 -0.968750
248 0.562500 -0.218750
494 0.562500 -0.875000
138 -0.375000 0.718750
313 0.625000 -0.468750
388 0.656250 -0.812500
440 0.156250 0.062500
