500
0 1
0 2
2 3
2 4
4 5
4 6
6 7
6 8
8 9
8 10
10 11
10 12
12 13
12 14
14 15
14 16
16 17
16 18
18 19
18 20
20 21
20 22
22 23
22 24
24 25
24 26
26 27
26 28
28 29
28 30
30 31
30 32
32 33
32 34
34 35
34 36
36 37
36 38
38 39
1 40
1 3
3 41
3 5
5 42
5 7
7 43
7 9
9 44
9 11
11 45
11 13
13 46
13 15
15 47
15 17
17 48
17 19
19 49
19 21
21 50
21 23
23 51
23 25
25 52
25 27
27 53
27 29
29 54
29 31
31 55
31 33
33 56
33 35
35 57
35 37
37 58
37 39
39 59
40 60
40 41
41 61
41 42
42 62
42 43
43 63
43 44
44 64
44 45
45 65
45 46
46 66
46 47
47 67
47 48
48 68
48 49
49 69
49 50
50 70
50 51
51 71
51 52
52 72
52 53
53 73
53 54
54 74
54 55
55 75
55 56
56 76
56 57
57 77
57 58
58 78
58 59
59 79
60 80
60 61
61 81
61 62
62 82
62 63
63 83
63 64
64 84
64 65
65 85
65 66
66 86
66 67
67 87
67 68
68 88
68 69
69 89
69 70
70 90
70 71
71 91
71 72
72 92
72 73
73 93
73 74
74 94
74 75
75 95
75 76
76 96
76 77
77 97
77 78
78 98
78 79
79 99
80 100
80 81
81 101
81 82
82 102
82 83
83 103
83 84
84 104
84 85
85 105
85 86
86 106
86 87
87 107
87 88
88 108
88 89
89 109
89 90
90 110
90 91
91 111
91 92
92 112
92 93
93 113
93 94
94 114
94 95
95 115
95 96
96 116
96 97
97 117
97 98
98 118
98 99
99 119
100 120
100 101
101 121
101 102
102 122
102 103
103 123
103 104
104 124
104 105
105 125
105 106
106 126
106 107
107 127
107 108
108 128
108 109
109 129
109 110
110 130
110 111
111 131
111 112
112 132
112 113
113 133
113 114
114 134
114 115
115 135
115 116
116 136
116 117
117 137
117 118
118 138
118 119
119 139
120 140
120 121
121 141
121 122
122 142
122 123
123 143
123 124
124 144
124 125
125 145
125 126
126 146
126 127
127 147
127 128
128 148
128 129
129 149
129 130
130 150
130 131
131 151
131 132
132 152
132 133
133 153
133 134
134 154
134 135
135 155
135 136
136 156
136 137
137 157
137 138
138 158
138 139
139 159
140 160
140 141
141 161
141 142
142 162
142 143
143 163
143 144
144 164
144 145
145 165
145 146
146 166
146 147
147 167
147 148
148 168
148 149
149 169
149 150
150 170
150 151
151 171
151 152
152 172
152 153
153 173
153 154
154 174
154 155
155 175
155 156
156 176
156 157
157 177
157 158
158 178
158 159
159 179
160 180
160 161
161 181
161 162
162 182
162 163
163 183
163 164
164 184
164 165
165 185
165 166
166 186
166 167
167 187
167 168
168 188
168 169
169 189
169 170
170 190
170 171
171 191
171 172
172 192
172 173
173 193
173 174
174 194
174 175
175 195
175 176
176 196
176 177
177 197
177 178
178 198
178 179
179 199
180 200
180 181
181 201
181 182
182 202
182 183
183 203
183 184
184 204
184 185
185 205
185 186
186 206
186 187
187 207
187 188
188 208
188 189
189 209
189 190
190 210
190 191
191 211
191 192
192 212
192 193
193 213
193 194
194 214
194 195
195 215
195 196
196 216
196 197
197 217
197 198
198 218
198 199
199 219
200 220
200 201
201 221
201 202
202 222
202 203
203 223
203 204
204 224
204 205
205 225
205 206
206 226
206 207
207 227
207 208
208 228
208 209
209 229
209 210
210 230
210 211
211 231
211 212
212 232
212 213
213 233
213 214
214 234
214 215
215 235
215 216
216 236
216 217
217 237
217 218
218 238
218 219
219 239
220 240
220 221
221 241
221 222
222 242
222 223
223 243
223 224
224 244
224 225
225 245
225 226
226 246
226 227
227 247
227 228
228 248
228 229
229 249
229 230
230 250
230 231
231 251
231 232
232 252
232 233
233 253
233 234
234 254
234 235
235 255
235 236
236 256
236 237
237 257
237 238
238 258
238 239
239 259
240 260
240 241
241 261
241 242
242 262
242 243
243 263
243 244
244 264
244 245
245 265
245 246
246 266
246 247
247 267
247 248
248 268
248 249
249 269
249 250
250 270
250 251
251 271
251 252
252 272
252 253
253 273
253 254
254 274
254 255
255 275
255 256
256 276
256 257
257 277
257 258
258 278
258 259
259 279
260 280
260 261
261 281
261 262
262 282
262 263
263 283
263 264
264 284
264 265
265 285
265 266
266 286
266 267
267 287
267 268
268 288
268 269
269 289
269 270
270 290
270 271
271 291
271 272
272 292
272 273
273 293
273 274
274 294
274 275
275 295
275 276
276 296
276 277
277 297
277 278
278 298
278 279
279 299
280 300
280 281
281 301
281 282
282 302
282 283
283 303
283 284
284 304
284 285
285 305
285 286
286 306
286 287
287 307
287 288
288 308
288 289
289 309
289 290
290 310
290 291
291 311
291 292
292 312
292 293
293 313
293 294
294 314
294 295
295 315
295 296
296 316
296 297
297 317
297 298
298 318
298 299
299 319
300 320
300 301
301 321
301 302
302 322
302 303
303 323
303 304
304 324
304 305
305 325
305 306
306 326
306 307
307 327
307 308
308 328
308 309
309 329
309 310
310 330
310 311
311 331
311 312
312 332
312 313
313 333
313 314
314 334
314 315
315 335
315 316
316 336
316 317
317 337
317 318
318 338
318 319
319 339
320 340
320 321
321 341
321 322
322 342
322 323
323 343
323 324
324 344
324 325
325 345
325 326
326 346
326 327
327 347
327 328
328 348
328 329
329 349
329 330
330 350
330 331
331 351
331 332
332 352
332 333
333 353
333 334
334 354
334 335
335 355
335 336
336 356
336 337
337 357
337 338
338 358
338 339
339 359
340 360
340 341
341 361
341 342
342 362
342 343
343 363
343 344
344 364
344 345
345 365
345 346
346 366
346 347
347 367
347 348
348 368
348 349
349 369
349 350
350 370
350 351
351 371
351 352
352 372
352 353
353 373
353 354
354 374
354 355
355 375
355 356
356 376
356 357
357 377
357 358
358 378
358 359
359 379
360 380
360 361
361 381
361 362
362 382
362 363
363 383
363 364
364 384
364 365
365 385
365 366
366 386
366 367
367 387
367 368
368 388
368 369
369 389
369 370
370 390
370 371
371 391
371 372
372 392
372 373
373 393
373 374
374 394
374 375
375 395
375 376
376 396
376 377
377 397
377 378
378 398
378 379
379 399
380 400
380 381
381 401
381 382
382 402
382 383
383 403
383 384
384 404
384 385
385 405
385 386
386 406
386 387
387 407
387 388
388 408
388 389
389 409
389 390
390 410
390 391
391 411
391 392
392 412
392 393
393 413
393 394
394 414
394 395
395 415
395 396
396 416
396 397
397 417
397 398
398 418
398 399
399 419
400 420
400 401
401 421
401 402
402 422
402 403
403 423
403 404
404 424
404 405
405 425
405 406
406 426
406 407
407 427
407 408
408 428
408 409
409 429
409 410
410 430
410 411
411 431
411 412
412 432
412 413
413 433
413 414
414 434
414 415
415 435
415 416
416 436
416 417
417 437
417 418
418 438
418 419
419 439
420 440
420 421
421 441
421 422
422 442
422 423
423 443
423 424
424 444
424 425
425 445
425 426
426 446
426 427
427 447
427 428
428 448
428 429
429 449
429 430
430 450
430 431
431 451
431 432
432 452
432 433
433 453
433 434
434 454
434 435
435 455
435 436
436 456
436 437
437 457
437 438
438 458
438 439
439 459
440 460
440 441
441 461
441 442
442 462
442 443
443 463
443 444
444 464
444 445
445 465
445 446
446 466
446 447
447 467
447 448
448 468
448 449
449 469
449 450
450 470
450 451
451 471
451 452
452 472
452 453
453 473
453 454
454 474
454 455
455 475
455 456
456 476
456 457
457 477
457 458
458 478
458 459
459 479
460 480
460 461
461 481
461 462
462 482
462 463
463 483
463 464
464 484
464 465
465 485
465 466
466 486
466 467
467 487
467 468
468 488
468 469
469 489
469 470
470 490
470 471
471 491
471 472
472 492
472 473
473 493
473 474
474 494
474 475
475 495
475 476
476 496
476 477
477 497
477 478
478 498
478 479
479 499
480 481
481 482
482 483
483 484
484 485
485 486
486 487
487 488
488 489
489 490
490 491
491 492
492 493
493 494
494 495
495 496
496 497
497 498
498 499

0 0.916398940315853 0.48313186834187744
2 0.8551780137939908 0.5042825427841822
4 0.7931895330580154 0.5289702322957255
6 0.7308739470734836 0.555395987836
8 0.6683181771392299 0.5827634584945903
10 0.6055439776782654 0.6106242016245602
12 0.5425635959180664 0.6387023802590799
14 0.47939188297220214 0.6668203283661981
16 0.416049084532174 0.6948617467113068
18 0.3525617094730972 0.7227518475778882
20 0.2889635618478137 0.7504465633737321
22 0.22529758345887319 0.7779271200600069
24 0.16161906097341794 0.8051987099315647
26 0.09800069724845353 0.832292743679388
28 0.034541469683132014 0.8592736114731763
30 -0.028618513679762866 0.8862512648698618
32 -0.09126900459663857 0.9134046706978973
34 -0.15306691962280436 0.9410232996565705
36 -0.2133701148853009 0.9695857800265597
38 -0.27056189459914054 0.9999946698354787
1 0.8881461580475748 0.42558042796233847
3 0.8261385564626924 0.446472269379026
5 0.7638311781219966 0.4710600938329736
7 0.7015654552122909 0.49735839563388645
9 0.6392893663134722 0.5245443536584958
11 0.5769367455028991 0.5521802788085239
13 0.5144673685479314 0.5800045377534186
15 0.4518638114365182 0.6078513460939052
17 0.38912516421171295 0.6356134563124525
19 0.32626285967269164 0.6632231260455287
21 0.2632985409855879 0.6906419143300729
23 0.20026380598420093 0.7178559928382091
25 0.13720148517004188 0.7448755538041993
27 0.07416903568525891 0.7717385096098369
29 0.011244100760865926 0.7985181612244598
31 -0.05146363219748069 0.8253404622071282
33 -0.11379021438915912 0.85241274777139
35 -0.17546026480696353 0.8800816666542237
37 -0.23590702001618674 0.9089457183043117
39 -0.2934445777665326 0.9401071415167596
40 0.8616917264415302 0.3651505794005342
41 0.7993275153392861 0.38598089378337763
42 0.7366101754868744 0.41046864988265525
43 0.6740697884922151 0.4367086461041979
44 0.6116757024908588 0.4638406293033296
45 0.5493362267049956 0.4914075054537908
46 0.48697939825074765 0.5191433628073978
47 0.4245597094269075 0.5468851596251869
48 0.3620529647622569 0.5745313430019231
49 0.2994509134407433 0.6020206466228275
50 0.23675776785682678 0.6293213732622192
51 0.1739885646887159 0.6564269459018006
52 0.11116927879510077 0.6833558892535398
53 0.04833904191538187 0.7101555688725744
54 -0.014444142823285693 0.7369132781526226
55 -0.07709210069109963 0.7637728754744312
56 -0.1394591626547121 0.790968445294979
57 -0.20127328757012544 0.8188783195422038
58 -0.26192556595137756 0.8481108617946184
59 -0.3196605275403343 0.8795757071264505
60 0.8360353921068872 0.3034214221995173
61 0.7735558099376161 0.3244557400297162
62 0.7105481712873006 0.34890765945315916
63 0.6476998741251149 0.3750977312300971
64 0.5850535674773807 0.40219292792162775
65 0.5225372355480157 0.42972999824197505
66 0.4600749889568834 0.45743673595336026
67 0.39760858056896586 0.48514830632894373
68 0.3350984771297108 0.5127645765362369
69 0.27252101330143996 0.5402281073403662
70 0.20986532750332995 0.5675125965123496
71 0.14713177654825332 0.59461776426555
72 0.08433216051545599 0.6215694820852167
73 0.021492408403074884 0.6484241110466029
74 -0.04134107838229652 0.6752787447120319
75 -0.10408747109616161 0.7022883024012949
76 -0.16659912487174816 0.7296937571236078
77 -0.22858617808222745 0.7578632118361894
78 -0.28940972294708806 0.7873328560406726
79 -0.3473721432355971 0.8187436462471279
80 0.8106944000991176 0.24100496396821902
81 0.7482250051545565 0.2624333173400661
82 0.6850424556869864 0.2869549883688648
83 0.6219343744887803 0.31313283519571034
84 0.559015749256345 0.34020498918318326
85 0.4962514921785632 0.3677257129737883
86 0.43357910229344543 0.3954257100712547
87 0.3709408381706156 0.42314028911074475
88 0.30829145200506125 0.45077053844333825
89 0.24559824877206532 0.47826157964406996
90 0.1828402781288804 0.5055904191062296
91 0.1200079018534471 0.5327617348978018
92 0.057103125386467085 0.5598058552010111
93 -0.005855550627858466 0.5867844960434878
94 -0.06882722755303143 0.6137976613734741
95 -0.13173038481228982 0.640999974935339
96 -0.1944106626667119 0.6686202688116427
97 -0.25656538008274393 0.6969884022635059
98 -0.31755896731090183 0.726539042912315
99 -0.3758024074046948 0.7576744336984833
100 0.7853970583870071 0.17821822066797904
101 0.7230100026822045 0.20016189471991055
102 0.6597398101504881 0.22485523827318016
103 0.5964356792639688 0.25107571064499956
104 0.5332710024633389 0.27814958582181215
105 0.47024972191550884 0.3056665065440987
106 0.4073304893454016 0.33337072654683586
107 0.3444647271265471 0.36110314804668636
108 0.28160874370658256 0.38876821061808803
109 0.2187269208049133 0.4163134550503544
110 0.15579358969495868 0.4437191162421108
111 0.09279288053612338 0.4709913133881181
112 0.029722090464651664 0.49816321057445284
113 -0.033404794914397365 0.5252958893110977
114 -0.09654757055994682 0.5524869239884391
115 -0.15962307635269665 0.5798799536124325
116 -0.2224717749339657 0.6076797194574171
117 -0.2847912442896954 0.6361625687476223
118 -0.34596975165162214 0.6656606890595926
119 -0.40453413088820045 0.6963851081944212
120 0.7599861589025655 0.11524669708126876
121 0.6977281033567635 0.13778044819994373
122 0.6344349885402176 0.1627290422351551
123 0.5709951692239068 0.18904834644885618
124 0.5076272049648799 0.2161549644564715
125 0.44437043370371493 0.24368334031107916
126 0.3812069013067578 0.2713997250279007
127 0.3181015936645488 0.2991565675291747
128 0.25501713493889927 0.32686430599687966
129 0.19191969107419923 0.3544743659016917
130 0.1287824495184256 0.3819685684296456
131 0.06558743600759183 0.40935486175627617
132 0.0023297045874821087 0.43666489920017243
133 -0.060978172686689966 0.46395635001741725
134 -0.12429619781756197 0.4913179841853945
135 -0.18754021119630465 0.5188759049882162
136 -0.25055147194767247 0.54680210053719
137 -0.313035621186153 0.5753172092132418
138 -0.3744163355729048 0.6046581678194127
139 -0.43332448738303275 0.634886845201252
140 0.7343697899777476 0.052206090107189206
141 0.6722748463841969 0.07537461248364968
142 0.609008347376759 0.10064183944304929
143 0.5454857741292867 0.1271094930647359
144 0.48196115644595006 0.1542795394655664
145 0.4185044815381083 0.18183522858509985
146 0.35512077402987885 0.2095705259286301
147 0.29179039270742374 0.2373538679445833
148 0.22848428911800484 0.26510433963090163
149 0.16517395231670626 0.29277844441256184
150 0.1018340459677982 0.3203610755090264
151 0.03844661083796183 0.3478593621493884
152 -0.024992996339309997 0.37530246040486187
153 -0.088473572881631 0.4027412080454624
154 -0.151955563941916 0.4302511156434128
155 -0.2153555449366646 0.4579366511384069
156 -0.27852013652310126 0.4859345379629817
157 -0.34116879082105733 0.5144093078263076
158 -0.40276448557692646 0.5435143959247843
159 -0.4620260425102384 0.573191356467339
160 0.7084945744250027 -0.01082885383140011
161 0.6465905134621702 0.012999874371808518
162 0.5833901413627194 0.038631060733841344
163 0.5198305592254109 0.06528654542133408
164 0.4561946201572352 0.09254631037687448
165 0.3925793060725499 0.12014302619879955
166 0.3290108272168022 0.1479021633394668
167 0.2654843067711229 0.1757100549642857
168 0.2019816344392238 0.2034985817604029
169 0.13848024421206717 0.23123039467789075
170 0.07495744819171192 0.2588918333505648
171 0.011398272981839909 0.2864917322401099
172 -0.05220319516729228 0.31405263228692215
173 -0.11583554930910084 0.3416179160743678
174 -0.1794604779848163 0.3692473179910967
175 -0.24299902636142565 0.3970208714311425
176 -0.3063044677815737 0.42503945381508246
177 -0.3691161012832417 0.4534133992660167
178 -0.43093312421644275 0.4822221593690934
179 -0.4905475497059412 0.5113097112227302
180 0.6823300057087381 -0.0738088287749685
181 0.6206413691417022 -0.04930733377429251
182 0.5575399054703675 -0.023281625800726374
183 0.49398289613575264 0.003590318872284495
184 0.43027820887350293 0.030959449446106586
185 0.366546436410145 0.058607313877638546
186 0.30283291342418434 0.08639096845820908
187 0.2391486428919219 0.11421980553419765
188 0.17548443203777933 0.14203727645901865
189 0.1118246370064185 0.16981409152229904
190 0.04815199255336165 0.19754254223180237
191 -0.015548467892041602 0.22522568024293943
192 -0.07928126994681325 0.25288567409449786
193 -0.1430364802365497 0.2805526229956369
194 -0.20677826618578998 0.30827061149716084
195 -0.2704332687131969 0.3360956605079643
196 -0.33386575926084555 0.3640895458186526
197 -0.396833952834758 0.3923145588893032
198 -0.4588724195988706 0.4207825795718567
199 -0.5188324335613853 0.44925438824789016
200 0.65585973350081 -0.1367012751767576
201 0.5944091385633566 -0.1115225586971878
202 0.5314350397491217 -0.08508374113313831
203 0.4679146766930264 -0.05797717691945007
204 0.4041799818551211 -0.03048687074209825
205 0.34037260552772103 -0.0027839259813807397
206 0.2765566302618654 0.025022925352149592
207 0.21275514684569827 0.05286341519314078
208 0.14897085781197214 0.08069873606443384
209 0.0851936048774464 0.10850759171616843
210 0.021408710023054903 0.13628275522515118
211 -0.042394412333856865 0.16403246284520706
212 -0.10622222075959156 0.1917680289536153
213 -0.17006560077034907 0.21951217980202598
214 -0.2338942481002227 0.24729047378365754
215 -0.29764126075569375 0.2751321196984127
216 -0.3611827532289545 0.30306638829815497
217 -0.424297912187042 0.3311046802934448
218 -0.4865517122945809 0.3591978232655833
219 -0.546845315985836 0.387034488781692
220 0.6290759152162678 -0.19948397331770612
221 0.5678849419697436 -0.1736294495688746
222 0.5050625783885532 -0.14676900413725283
223 0.4416088864275643 -0.11941938349309018
224 0.37787888549785215 -0.09180390223638828
225 0.314035116681465 -0.06404728514154943
226 0.2501580158575536 -0.03622556755770606
227 0.1862831834465146 -0.008382459865990323
228 0.12242160344263844 0.019455331804911193
229 0.058569796029720844 0.0472773222927149
230 -0.005282211663691017 0.07508419947919649
231 -0.0691468117099656 0.10287691199022483
232 -0.13302893442156227 0.13066763816329402
233 -0.19692378325480017 0.1584643530475091
234 -0.26080532514791516 0.1862768479324506
235 -0.324616133309839 0.21410992734272957
236 -0.38824633273115267 0.24195429178677544
237 -0.4514938163674784 0.2697782043543422
238 -0.5139530296499554 0.29747354366405315
239 -0.5745641881101464 0.32465972091143025
240 0.6019763431470102 -0.26214143578764987
241 0.5410656349410363 -0.23561666237985723
242 0.4784162763716344 -0.20833463687865608
243 0.4150548757305476 -0.18074262184817683
244 0.3513612543050876 -0.15300615750297927
245 0.28751740361476374 -0.12520400873470638
246 0.22361912770438722 -0.09737805069731792
247 0.15971357911463824 -0.06954918917991268
248 0.09581981211700977 -0.04172515591275028
249 0.03193935048113934 -0.013906585138593244
250 -0.03193645189061914 0.013908196085125864
251 -0.09581667804086917 0.04172690238939973
252 -0.15971078307268255 0.06955034782489083
253 -0.2236164529913571 0.09737934875105836
254 -0.28751534834884557 0.1252046774769318
255 -0.3513596744043862 0.15300539623789441
256 -0.4150541212907747 0.18074187587110147
257 -0.4784154412720328 0.20833311085878148
258 -0.541065650352165 0.2356145982972491
259 -0.6019766923207548 0.26213890385844424
260 0.5745633383846459 -0.3246624245456377
261 0.5139526475319164 -0.2974756797182712
262 0.45149385614480303 -0.26978008220501176
263 0.38824711887193286 -0.24195564753313784
264 0.32461764875757076 -0.21410965926535672
265 0.2608070169511723 -0.1862765761642914
266 0.19692601917508884 -0.15846382912853643
267 0.13303167686452622 -0.13066629683813788
268 0.06914965352971643 -0.10287563639947164
269 0.00528545153414903 -0.07508217542469676
270 -0.05856676673849132 -0.047275575852015674
271 -0.12241845705825764 -0.01945341393313562
272 -0.1862801050913923 0.00838442700605917
273 -0.25015520035848454 0.03622583489940233
274 -0.3140330166265865 0.06404740694128695
275 -0.37787688075241743 0.09180401452971167
276 -0.4416074773645904 0.1194186145833808
277 -0.5050614044044698 0.14676748587489624
278 -0.5678845156390758 0.17362757282467528
279 -0.6290756577815881 0.1994816799677271
280 0.546844009126121 -0.387037457079517
281 0.4865509409539318 -0.35920038772319635
282 0.4242976922691262 -0.33110656929518195
283 0.3611835119962126 -0.30306766529855694
284 0.29764215302065516 -0.2751331767198977
285 0.2338959398336931 -0.2472903352261262
286 0.17006782967933576 -0.2195114850225438
287 0.10622485021795532 -0.19176703734226436
288 0.04239732122183469 -0.16403094734669169
289 -0.021405696675597604 -0.1362812097691871
290 -0.08519007712557462 -0.10850540697962123
291 -0.14896727197925821 -0.08069691936558347
292 -0.2127521592748824 -0.05286242250152113
293 -0.27655339938314016 -0.025021373826190893
294 -0.3403697258814047 0.0027846320816749823
295 -0.40417765498146085 0.030486602811677577
296 -0.4679125127666668 0.05797662747686773
297 -0.5314332417461677 0.08508235606623628
298 -0.5944078746954825 0.11152062273388592
299 -0.6558586479293343 0.1366989348727368
300 0.5188310129295906 -0.44925744300482856
301 0.4588713420481749 -0.4207852363628043
302 0.39683348762324394 -0.3923168777552922
303 0.3338664582687808 -0.3640915662932129
304 0.27043411268358103 -0.3360961986699931
305 0.20678003544810916 -0.3082713949149896
306 0.14303825242158147 -0.28055214505406645
307 0.07928376340860457 -0.25288490900227434
308 0.015551634095374025 -0.22522438848613874
309 -0.04814877594020624 -0.19754029066301035
310 -0.11182096928015278 -0.169812783871875
311 -0.17548086577731623 -0.14203573351285326
312 -0.23914492542745233 -0.11421790617374757
313 -0.30282970367149165 -0.08639001497106248
314 -0.36654324416280104 -0.05860677119223243
315 -0.4302751755545915 -0.030959584544385115
316 -0.4939803766096114 -0.0035914849292951806
317 -0.5575375708112439 0.0232799100563146
318 -0.6206389616196573 0.04930520288231165
319 -0.6823278816701447 0.07380655396743814
320 0.49054573179623845 -0.5113136805984968
321 0.4309315762652688 -0.4822253026671526
322 0.369115833903882 -0.45341596772902026
323 0.3063047231034177 -0.4250412000141031
324 0.2429999250721562 -0.3970225521045194
325 0.1794617718683824 -0.36924747770667893
326 0.11583717954251685 -0.34161762944081286
327 0.05220609671782812 -0.3140516182629646
328 -0.011395227285551816 -0.28649025327804867
329 -0.07495438690231139 -0.2588906091571765
330 -0.138476633568288 -0.23122855479099022
331 -0.2019778467796215 -0.20349671666055646
332 -0.2654806949273162 -0.17570884921696736
333 -0.3290073411565282 -0.14790068646788054
334 -0.3925758707398676 -0.12014260368393023
335 -0.45619130741999964 -0.09254655316772062
336 -0.5198274806135845 -0.0652873396799372
337 -0.5833871323820312 -0.03863270998639442
338 -0.6465878104803714 -0.013001899134816877
339 -0.7084918357862309 0.010826873155699326
340 0.4620238344890981 -0.5731950549801041
341 0.4027630300569324 -0.543517756536742
342 0.3411679179340874 -0.5144123364747241
343 0.27851944144891705 -0.4859365912398429
344 0.21535615051888837 -0.45793810697653453
345 0.1519561489251724 -0.43025181436522564
346 0.08847544080936083 -0.4027408074592543
347 0.02499519699226529 -0.37530202937752005
348 -0.03844429951258218 -0.3478581701032714
349 -0.10183064415372871 -0.32035943280602863
350 -0.1651705527369288 -0.2927766720297255
351 -0.22848088250078302 -0.26510261274395963
352 -0.2917865963474194 -0.23735218096098984
353 -0.3551173605971616 -0.20956948081739743
354 -0.41850092901452296 -0.18183455320257932
355 -0.48195772404156995 -0.15427944879730857
356 -0.5454826672298639 -0.12711030715419522
357 -0.6090054436969944 -0.10064376694626377
358 -0.6722717255723376 -0.07537650513542637
359 -0.7343666380831453 -0.05220729845410464
360 0.4333215631004189 -0.6348914005155551
361 0.37441411635366917 -0.6046621831186195
362 0.31303412184492135 -0.5753201512256115
363 0.2505505121297814 -0.5468042297579847
364 0.18753997965710292 -0.5188770600257355
365 0.12429660737509446 -0.4913186563154644
366 0.06097907320324524 -0.4639565514889291
367 -0.0023280842694561404 -0.43666413091372175
368 -0.06558508032581792 -0.40935353318454865
369 -0.12877968813115812 -0.3819667715617058
370 -0.19191658209225834 -0.3544721154317303
371 -0.25501395903825214 -0.32686236372100297
372 -0.3180983991459272 -0.2991549154802366
373 -0.3812033746880618 -0.2713982702385271
374 -0.44436702575114856 -0.24368233792861457
375 -0.5076242100613857 -0.21615521742495872
376 -0.5709919665467325 -0.1890491047779627
377 -0.6344317198636027 -0.16273011581858837
378 -0.6977250754171775 -0.1377824019621516
379 -0.7599825383743287 -0.11524702573067214
380 0.40452990375334485 -0.6963899672417502
381 0.34596655677631494 -0.6656646720928683
382 0.28478857219173886 -0.6361656425415674
383 0.2224700266074333 -0.6076820841573841
384 0.1596217783823427 -0.5798815718222412
385 0.09654695376223316 -0.552487704145857
386 0.03340508693745218 -0.525295874021442
387 -0.0297211488211358 -0.49816214794596664
388 -0.09279110483015561 -0.4709896060240832
389 -0.1557915099431401 -0.4437170336433234
390 -0.21872483800129788 -0.4163116038299404
391 -0.28160594853047155 -0.3887661381995246
392 -0.34446170732950576 -0.3611008041484685
393 -0.4073276326707433 -0.333368776534764
394 -0.4702470720302229 -0.3056656011784903
395 -0.5332678903527366 -0.2781488523563892
396 -0.596432910728344 -0.25107673261919655
397 -0.6597373863278243 -0.22485652537133233
398 -0.7230072926017802 -0.20016359650029109
399 -0.7853936747311514 -0.17821774561256726
400 0.37579603802313416 -0.7576795052727073
401 0.3175539381518563 -0.7265431241387096
402 0.25656148041515 -0.6969914766989749
403 0.19440744991360806 -0.6686223159418792
404 0.1317279094894379 -0.6410011054801258
405 0.06882580565659543 -0.6137979302040052
406 0.005854792060451218 -0.586783875619919
407 -0.05710305955029002 -0.5598048620113582
408 -0.12000734203778422 -0.5327602705884574
409 -0.1828394983555074 -0.5055884343974527
410 -0.24559656832300825 -0.4782591007533073
411 -0.3082893652475151 -0.4507677383996345
412 -0.37093861282246354 -0.4231376545654713
413 -0.4335773784525569 -0.3954232281586233
414 -0.4962490446066686 -0.3677241976169346
415 -0.5590137138931502 -0.3402046035718529
416 -0.6219331896323262 -0.31313307512000155
417 -0.6850414182304226 -0.28695698280591875
418 -0.7482226009504528 -0.26243277243487917
419 -0.8106932064640094 -0.24100287906982754
420 0.3473642258356682 -0.8187491881971334
421 0.2894033312584951 -0.7873368363355882
422 0.22858055150269543 -0.7578660777065664
423 0.16659460324003153 -0.7296958014405005
424 0.10408365538967765 -0.702289288925261
425 0.04133803669584634 -0.675279109506935
426 -0.02149457980917546 -0.6484237076118796
427 -0.0843335692945098 -0.6215682661968585
428 -0.14713260254954888 -0.5946157950218101
429 -0.2098654606613246 -0.567510062511457
430 -0.27252029108639797 -0.5402250306075231
431 -0.33509735928170625 -0.5127613709933022
432 -0.3976080141150979 -0.4851453643712784
433 -0.4600738311676542 -0.4574343697290731
434 -0.5225358295697499 -0.4297277404806159
435 -0.5850532970994643 -0.40219187249309724
436 -0.6476991774929924 -0.37509764168946585
437 -0.7105462539367535 -0.3489068256485834
438 -0.7735563103190967 -0.32445554402435806
439 -0.836035441869856 -0.30341900962693613
440 0.3196497075127901 -0.8795812275381519
441 0.26191655215155185 -0.8481147735219434
442 0.20126563370675857 -0.8188810118511253
443 0.13945252678017034 -0.7909700687774495
444 0.07708639502252727 -0.7637737658088725
445 0.014439399947835269 -0.7369132867112964
446 -0.04834296310775426 -0.7101547984775889
447 -0.11117231263619932 -0.6833542255900737
448 -0.17399081241732914 -0.6564244195780481
449 -0.23675902642245913 -0.6293182818412784
450 -0.2994515902151465 -0.6020174796024483
451 -0.36205373487006864 -0.5745281611568378
452 -0.424559771699547 -0.5468814729426028
453 -0.4869786975965069 -0.519139934772507
454 -0.5493361371098782 -0.4914052499931525
455 -0.611676454079487 -0.463838585883683
456 -0.6740687297783915 -0.4367071558274193
457 -0.7366111019680482 -0.4104682900586523
458 -0.7993295739768064 -0.38598027539841345
459 -0.8616924455730693 -0.3651479791362969
460 0.29343137367096067 -0.9401126182279009
461 0.235895719100058 -0.9089494280193605
462 0.17545033606032429 -0.8800842312120123
463 0.11378150162933591 -0.8524141045843489
464 0.05145586786893537 -0.8253409247140426
465 -0.011250884932809315 -0.7985178444800517
466 -0.07417489428135739 -0.7717373896366996
467 -0.13720633363238638 -0.7448736668461213
468 -0.20026762046888658 -0.7178534794195146
469 -0.26330133041885123 -0.6906388562631067
470 -0.3262648797874822 -0.6632194348226339
471 -0.3891261572823254 -0.6356093790575637
472 -0.4518641326792335 -0.6078474538851962
473 -0.5144676135446183 -0.5800011044117525
474 -0.5769367074938034 -0.5521772519289717
475 -0.6392881256962156 -0.5245425092785626
476 -0.7015667118053474 -0.4973582570489719
477 -0.7638328932101972 -0.47106037716558563
478 -0.826139348685631 -0.44647137380884083
479 -0.8881478109200294 -0.4255783106745945
480 0.2705465220937547 -1.0
481 0.21335611453467804 -0.9695894435911024
482 0.15305408292112513 -0.9410256403789174
483 0.09125743838235587 -0.9134058286555502
484 0.02860807336146054 -0.8862514972546879
485 -0.034550877179150584 -0.859272951587269
486 -0.09800898284352448 -0.8322913661629406
487 -0.16162609501111305 -0.8051964972145778
488 -0.22530332142604423 -0.7779242069195615
489 -0.2889678969302817 -0.7504431118741393
490 -0.3525646615512014 -0.722748088264937
491 -0.4160506164587846 -0.6948579377260058
492 -0.4793919423815227 -0.6668167407745561
493 -0.5425622292648475 -0.6386997945146499
494 -0.6055417722335104 -0.6106232538792302
495 -0.6683159518371408 -0.582764455339327
496 -0.7308706365065571 -0.5553982786062683
497 -0.7931863533035753 -0.5289732314710547
498 -0.8551752283850018 -0.5042854323439873
499 -0.9163965287574224 -0.48313286959824137
