512
0 1
0 2
1 3
1 4
1 2
3 5
3 6
3 4
5 7
5 8
5 6
7 9
7 10
7 8
9 11
9 12
9 10
11 13
11 14
11 12
13 15
13 16
13 14
15 17
15 18
15 16
17 19
17 20
17 18
19 21
19 22
19 20
21 23
21 24
21 22
23 25
23 26
23 24
25 27
25 28
25 26
27 29
27 30
27 28
29 31
29 32
29 30
31 32
2 4
2 33
2 34
4 6
4 34
4 35
6 8
6 35
6 36
8 10
8 36
8 37
10 12
10 37
10 38
12 14
12 38
12 39
14 16
14 39
14 40
16 18
16 40
16 41
18 20
18 41
18 42
20 22
20 42
20 43
22 24
22 43
22 44
24 26
24 44
24 45
26 28
26 45
26 46
28 30
28 46
28 47
30 32
30 47
30 48
32 48
32 49
33 34
33 50
34 35
34 51
34 50
35 36
35 52
35 51
36 37
36 53
36 52
37 38
37 54
37 53
38 39
38 55
38 54
39 40
39 56
39 55
40 41
40 57
40 56
41 42
41 58
41 57
42 43
42 59
42 58
43 44
43 60
43 59
44 45
44 61
44 60
45 46
45 62
45 61
46 47
46 63
46 62
47 48
47 64
47 63
48 49
48 65
48 64
49 65
50 51
50 66
50 67
51 52
51 67
51 68
52 53
52 68
52 69
53 54
53 69
53 70
54 55
54 70
54 71
55 56
55 71
55 72
56 57
56 72
56 73
57 58
57 73
57 74
58 59
58 74
58 75
59 60
59 75
59 76
60 61
60 76
60 77
61 62
61 77
61 78
62 63
62 78
62 79
63 64
63 79
63 80
64 65
64 80
64 81
65 81
65 82
66 67
66 83
67 68
67 84
67 83
68 69
68 85
68 84
69 70
69 86
69 85
70 71
70 87
70 86
71 72
71 88
71 87
72 73
72 89
72 88
73 74
73 90
73 89
74 75
74 91
74 90
75 76
75 92
75 91
76 77
76 93
76 92
77 78
77 94
77 93
78 79
78 95
78 94
79 80
79 96
79 95
80 81
80 97
80 96
81 82
81 98
81 97
82 98
83 84
83 99
83 100
84 85
84 100
84 101
85 86
85 101
85 102
86 87
86 102
86 103
87 88
87 103
87 104
88 89
88 104
88 105
89 90
89 105
89 106
90 91
90 106
90 107
91 92
91 107
91 108
92 93
92 108
92 109
93 94
93 109
93 110
94 95
94 110
94 111
95 96
95 111
95 112
96 97
96 112
96 113
97 98
97 113
97 114
98 114
98 115
99 100
99 116
100 101
100 117
100 116
101 102
101 118
101 117
102 103
102 119
102 118
103 104
103 120
103 119
104 105
104 121
104 120
105 106
105 122
105 121
106 107
106 123
106 122
107 108
107 124
107 123
108 109
108 125
108 124
109 110
109 126
109 125
110 111
110 127
110 126
111 112
111 128
111 127
112 113
112 129
112 128
113 114
113 130
113 129
114 115
114 131
114 130
115 131
116 117
116 132
116 133
117 118
117 133
117 134
118 119
118 134
118 135
119 120
119 135
119 136
120 121
120 136
120 137
121 122
121 137
121 138
122 123
122 138
122 139
123 124
123 139
123 140
124 125
124 140
124 141
125 126
125 141
125 142
126 127
126 142
126 143
127 128
127 143
127 144
128 129
128 144
128 145
129 130
129 145
129 146
130 131
130 146
130 147
131 147
131 148
132 133
132 149
133 134
133 150
133 149
134 135
134 151
134 150
135 136
135 152
135 151
136 137
136 153
136 152
137 138
137 154
137 153
138 139
138 155
138 154
139 140
139 156
139 155
140 141
140 157
140 156
141 142
141 158
141 157
142 143
142 159
142 158
143 144
143 160
143 159
144 145
144 161
144 160
145 146
145 162
145 161
146 147
146 163
146 162
147 148
147 164
147 163
148 164
149 150
149 165
149 166
150 151
150 166
150 167
151 152
151 167
151 168
152 153
152 168
152 169
153 154
153 169
153 170
154 155
154 170
154 171
155 156
155 171
155 172
156 157
156 172
156 173
157 158
157 173
157 174
158 159
158 174
158 175
159 160
159 175
159 176
160 161
160 176
160 177
161 162
161 177
161 178
162 163
162 178
162 179
163 164
163 179
163 180
164 180
164 181
165 166
165 182
166 167
166 183
166 182
167 168
167 184
167 183
168 169
168 185
168 184
169 170
169 186
169 185
170 171
170 187
170 186
171 172
171 188
171 187
172 173
172 189
172 188
173 174
173 190
173 189
174 175
174 191
174 190
175 176
175 192
175 191
176 177
176 193
176 192
177 178
177 194
177 193
178 179
178 195
178 194
179 180
179 196
179 195
180 181
180 197
180 196
181 197
182 183
182 198
182 199
183 184
183 199
183 200
184 185
184 200
184 201
185 186
185 201
185 202
186 187
186 202
186 203
187 188
187 203
187 204
188 189
188 204
188 205
189 190
189 205
189 206
190 191
190 206
190 207
191 192
191 207
191 208
192 193
192 208
192 209
193 194
193 209
193 210
194 195
194 210
194 211
195 196
195 211
195 212
196 197
196 212
196 213
197 213
197 214
198 199
198 215
199 200
199 216
199 215
200 201
200 217
200 216
201 202
201 218
201 217
202 203
202 219
202 218
203 204
203 220
203 219
204 205
204 221
204 220
205 206
205 222
205 221
206 207
206 223
206 222
207 208
207 224
207 223
208 209
208 225
208 224
209 210
209 226
209 225
210 211
210 227
210 226
211 212
211 228
211 227
212 213
212 229
212 228
213 214
213 230
213 229
214 230
215 216
215 231
215 232
216 217
216 232
216 233
217 218
217 233
217 234
218 219
218 234
218 235
219 220
219 235
219 236
220 221
220 236
220 237
221 222
221 237
221 238
222 223
222 238
222 239
223 224
223 239
223 240
224 225
224 240
224 241
225 226
225 241
225 242
226 227
226 242
226 243
227 228
227 243
227 244
228 229
228 244
228 245
229 230
229 245
229 246
230 246
230 247
231 232
231 248
232 233
232 249
232 248
233 234
233 250
233 249
234 235
234 251
234 250
235 236
235 252
235 251
236 237
236 253
236 252
237 238
237 254
237 253
238 239
238 255
238 254
239 240
239 256
239 255
240 241
240 257
240 256
241 242
241 258
241 257
242 243
242 259
242 258
243 244
243 260
243 259
244 245
244 261
244 260
245 246
245 262
245 261
246 247
246 263
246 262
247 263
248 249
248 264
248 265
249 250
249 265
249 266
250 251
250 266
250 267
251 252
251 267
251 268
252 253
252 268
252 269
253 254
253 269
253 270
254 255
254 270
254 271
255 256
255 271
255 272
256 257
256 272
256 273
257 258
257 273
257 274
258 259
258 274
258 275
259 260
259 275
259 276
260 261
260 276
260 277
261 262
261 277
261 278
262 263
262 278
262 279
263 279
263 280
264 265
264 281
265 266
265 282
265 281
266 267
266 283
266 282
267 268
267 284
267 283
268 269
268 285
268 284
269 270
269 286
269 285
270 271
270 287
270 286
271 272
271 288
271 287
272 273
272 289
272 288
273 274
273 290
273 289
274 275
274 291
274 290
275 276
275 292
275 291
276 277
276 293
276 292
277 278
277 294
277 293
278 279
278 295
278 294
279 280
279 296
279 295
280 296
281 282
281 297
281 298
282 283
282 298
282 299
283 284
283 299
283 300
284 285
284 300
284 301
285 286
285 301
285 302
286 287
286 302
286 303
287 288
287 303
287 304
288 289
288 304
288 305
289 290
289 305
289 306
290 291
290 306
290 307
291 292
291 307
291 308
292 293
292 308
292 309
293 294
293 309
293 310
294 295
294 310
294 311
295 296
295 311
295 312
296 312
296 313
297 298
297 314
298 299
298 315
298 314
299 300
299 316
299 315
300 301
300 317
300 316
301 302
301 318
301 317
302 303
302 319
302 318
303 304
303 320
303 319
304 305
304 321
304 320
305 306
305 322
305 321
306 307
306 323
306 322
307 308
307 324
307 323
308 309
308 325
308 324
309 310
309 326
309 325
310 311
310 327
310 326
311 312
311 328
311 327
312 313
312 329
312 328
313 329
314 315
314 330
314 331
315 316
315 331
315 332
316 317
316 332
316 333
317 318
317 333
317 334
318 319
318 334
318 335
319 320
319 335
319 336
320 321
320 336
320 337
321 322
321 337
321 338
322 323
322 338
322 339
323 324
323 339
323 340
324 325
324 340
324 341
325 326
325 341
325 342
326 327
326 342
326 343
327 328
327 343
327 344
328 329
328 344
328 345
329 345
329 346
330 331
330 347
331 332
331 348
331 347
332 333
332 349
332 348
333 334
333 350
333 349
334 335
334 351
334 350
335 336
335 352
335 351
336 337
336 353
336 352
337 338
337 354
337 353
338 339
338 355
338 354
339 340
339 356
339 355
340 341
340 357
340 356
341 342
341 358
341 357
342 343
342 359
342 358
343 344
343 360
343 359
344 345
344 361
344 360
345 346
345 362
345 361
346 362
347 348
347 363
347 364
348 349
348 364
348 365
349 350
349 365
349 366
350 351
350 366
350 367
351 352
351 367
351 368
352 353
352 368
352 369
353 354
353 369
353 370
354 355
354 370
354 371
355 356
355 371
355 372
356 357
356 372
356 373
357 358
357 373
357 374
358 359
358 374
358 375
359 360
359 375
359 376
360 361
360 376
360 377
361 362
361 377
361 378
362 378
362 379
363 364
363 380
364 365
364 381
364 380
365 366
365 382
365 381
366 367
366 383
366 382
367 368
367 384
367 383
368 369
368 385
368 384
369 370
369 386
369 385
370 371
370 387
370 386
371 372
371 388
371 387
372 373
372 389
372 388
373 374
373 390
373 389
374 375
374 391
374 390
375 376
375 392
375 391
376 377
376 393
376 392
377 378
377 394
377 393
378 379
378 395
378 394
379 395
380 381
380 396
380 397
381 382
381 397
381 398
382 383
382 398
382 399
383 384
383 399
383 400
384 385
384 400
384 401
385 386
385 401
385 402
386 387
386 402
386 403
387 388
387 403
387 404
388 389
388 404
388 405
389 390
389 405
389 406
390 391
390 406
390 407
391 392
391 407
391 408
392 393
392 408
392 409
393 394
393 409
393 410
394 395
394 410
394 411
395 411
395 412
396 397
396 413
397 398
397 414
397 413
398 399
398 415
398 414
399 400
399 416
399 415
400 401
400 417
400 416
401 402
401 418
401 417
402 403
402 419
402 418
403 404
403 420
403 419
404 405
404 421
404 420
405 406
405 422
405 421
406 407
406 423
406 422
407 408
407 424
407 423
408 409
408 425
408 424
409 410
409 426
409 425
410 411
410 427
410 426
411 412
411 428
411 427
412 428
413 414
413 429
413 430
414 415
414 430
414 431
415 416
415 431
415 432
416 417
416 432
416 433
417 418
417 433
417 434
418 419
418 434
418 435
419 420
419 435
419 436
420 421
420 436
420 437
421 422
421 437
421 438
422 423
422 438
422 439
423 424
423 439
423 440
424 425
424 440
424 441
425 426
425 441
425 442
426 427
426 442
426 443
427 428
427 443
427 444
428 444
428 445
429 430
429 446
430 431
430 447
430 446
431 432
431 448
431 447
432 433
432 449
432 448
433 434
433 450
433 449
434 435
434 451
434 450
435 436
435 452
435 451
436 437
436 453
436 452
437 438
437 454
437 453
438 439
438 455
438 454
439 440
439 456
439 455
440 441
440 457
440 456
441 442
441 458
441 457
442 443
442 459
442 458
443 444
443 460
443 459
444 445
444 461
444 460
445 461
446 447
446 462
446 463
447 448
447 463
447 464
448 449
448 464
448 465
449 450
449 465
449 466
450 451
450 466
450 467
451 452
451 467
451 468
452 453
452 468
452 469
453 454
453 469
453 470
454 455
454 470
454 471
455 456
455 471
455 472
456 457
456 472
456 473
457 458
457 473
457 474
458 459
458 474
458 475
459 460
459 475
459 476
460 461
460 476
460 477
461 477
461 478
462 463
462 479
463 464
463 480
463 479
464 465
464 481
464 480
465 466
465 482
465 481
466 467
466 483
466 482
467 468
467 484
467 483
468 469
468 485
468 484
469 470
469 486
469 485
470 471
470 487
470 486
471 472
471 488
471 487
472 473
472 489
472 488
473 474
473 490
473 489
474 475
474 491
474 490
475 476
475 492
475 491
476 477
476 493
476 492
477 478
477 494
477 493
478 494
479 480
479 495
479 496
480 481
480 496
480 497
481 482
481 497
481 498
482 483
482 498
482 499
483 484
483 499
483 500
484 485
484 500
484 501
485 486
485 501
485 502
486 487
486 502
486 503
487 488
487 503
487 504
488 489
488 504
488 505
489 490
489 505
489 506
490 491
490 506
490 507
491 492
491 507
491 508
492 493
492 508
492 509
493 494
493 509
493 510
494 510
494 511
495 496
496 497
497 498
498 499
499 500
500 501
501 502
502 503
503 504
504 505
505 506
506 507
507 508
508 509
509 510
510 511

0 0.9784793179873829 0.9999999999999775
1 0.9732705922818162 0.9672132558002231
3 0.9698115866326792 0.9033970805205289
5 0.9671189989562703 0.8080757191544172
7 0.9649920442697166 0.6840900933114704
9 0.9633676546389434 0.5357028830093565
11 0.9622193259624865 0.3681603805112622
13 0.9615343019547437 0.18743739290491251
15 0.9613065580092585 3.770023132007478e-16
17 0.9615343019547469 -0.18743739290491365
19 0.9622193259624912 -0.3681603805112672
21 0.9633676546389519 -0.5357028830093647
23 0.9649920442697248 -0.6840900933114809
25 0.9671189989562812 -0.808075719154432
27 0.9698115866326936 -0.9033970805205478
29 0.9732705922818302 -0.9672132558002441
31 0.9784793179873955 -1.0
2 0.9642603819865238 0.979254189622192
4 0.9612068398227801 0.9344243566539475
6 0.9583943511695 0.855513836955373
8 0.9560759106568975 0.7460435082918753
10 0.9542457403176167 0.6099171725340797
12 0.952885887677981 0.4519663418585689
14 0.9519846392631789 0.27782633860920264
16 0.9515354653890198 0.09372885003362935
18 0.9515354653890215 -0.09372885003363053
20 0.9519846392631836 -0.2778263386092062
22 0.9528858876779872 -0.45196634185857676
24 0.9542457403176251 -0.6099171725340901
26 0.9560759106569076 -0.7460435082918874
28 0.9583943511695119 -0.8555138369553902
30 0.961206839822793 -0.9344243566539685
32 0.9642603819865365 -0.9792541896222138
33 0.9465535502683192 0.9857086656759163
34 0.9426462641840508 0.9565026916296608
35 0.9397731452325899 0.8946429625245477
36 0.9373507500986974 0.8007015534182614
37 0.9353707360418909 0.6780250595527889
38 0.9338357034802036 0.5310247248539623
39 0.9327427570768078 0.364971638770794
40 0.9320884864350695 0.1858206739413744
41 0.9318706485264253 -1.1999690759351637e-15
42 0.9320884864350722 -0.18582067394137772
43 0.9327427570768125 -0.3649716387708014
44 0.9338357034802109 -0.5310247248539711
45 0.935370736041901 -0.678025059552802
46 0.937350750098709 -0.8007015534182793
47 0.9397731452326037 -0.8946429625245691
48 0.9426462641840667 -0.9565026916296834
49 0.9465535502683334 -0.9857086656759393
50 0.9139602275727959 0.9686016128330456
51 0.9114072421446173 0.9251803299250848
52 0.9089742715434056 0.8476424833462032
53 0.9069050300590163 0.739477870230102
54 0.9052395388377591 0.6046891144830019
55 0.9039882961286895 0.44815191185926845
56 0.9031539650756442 0.2755019773306374
57 0.9027368693926628 0.09294778353457811
58 0.902736869392664 -0.0929477835345839
59 0.9031539650756485 -0.27550197733064347
60 0.9039882961286969 -0.4481519118592788
61 0.9052395388377675 -0.6046891144830153
62 0.9069050300590269 -0.7394778702301178
63 0.9089742715434183 -0.8476424833462222
64 0.9114072421446313 -0.9251803299251085
65 0.9139602275728104 -0.9686016128330703
66 0.8772952000492737 0.976239239271099
67 0.8737522430742178 0.9475254189605867
68 0.8712413525250118 0.8866395437506864
69 0.8691204669838879 0.7938361727265588
70 0.8673678593260254 0.6723866984068213
71 0.8659961187196399 0.5266978689715628
72 0.8650130476772527 0.36203543006501593
73 0.8644222534431059 0.18433610117511828
74 0.8642251945983256 -4.071541711877571e-15
75 0.8644222534431097 -0.18433610117512697
76 0.8650130476772586 -0.3620354300650272
77 0.8659961187196483 -0.5266978689715752
78 0.8673678593260377 -0.6723866984068375
79 0.8691204669839001 -0.793836172726579
80 0.8712413525250272 -0.8866395437507097
81 0.8737522430742335 -0.9475254189606136
82 0.8772952000492897 -0.9762392392711259
83 0.826754473786872 0.960330105662649
84 0.824506651900048 0.9174382261168413
85 0.8223887826531994 0.8407505516624029
86 0.8205891590305171 0.73362381072103
87 0.8191352935033596 0.6000007756789942
88 0.8180383638692141 0.4447278009196787
89 0.8173044946818661 0.2734162387148729
90 0.8169368852797901 0.09224719500884027
91 0.8169368852797919 -0.09224719500885135
92 0.8173044946818713 -0.2734162387148842
93 0.8180383638692228 -0.4447278009196927
94 0.8191352935033703 -0.600000775679011
95 0.8205891590305298 -0.7336238107210487
96 0.8223887826532131 -0.8407505516624256
97 0.8245066519000654 -0.9174382261168686
98 0.8267544737868904 -0.9603301056626776
99 0.7724527038416885 0.9687441803192551
100 0.769350398142916 0.9402945398516214
101 0.7671821196916974 0.8799763849019814
102 0.7653644544578205 0.7879816469643542
103 0.7638653373725869 0.6675142622002401
104 0.7626910292488991 0.5229346385840301
105 0.761848085418264 0.35947443822871333
106 0.7613407893764096 0.18303979717047628
107 0.7611714501397954 -5.918968614404064e-15
108 0.7613407893764133 -0.18303979717049
109 0.7618480854182706 -0.35947443822872865
110 0.7626910292489093 -0.5229346385840453
111 0.7638653373726 -0.6675142622002588
112 0.7653644544578336 -0.7879816469643764
113 0.7671821196917143 -0.8799763849020064
114 0.7693503981429344 -0.9402945398516493
115 0.7724527038417083 -0.9687441803192854
116 0.7059162268055577 0.9537485447388822
117 0.7040147961784008 0.9111934285965537
118 0.7022352692331639 0.8350925323684052
119 0.7007297828404612 0.7287496694098491
120 0.6995157941297248 0.5960612881706638
121 0.6986001060091077 0.44183523922539836
122 0.6979872707438054 0.2716493297741165
123 0.6976801637541594 0.09165299336443156
124 0.6976801637541608 -0.09165299336444585
125 0.6979872707438114 -0.2716493297741305
126 0.6986001060091162 -0.44183523922541446
127 0.6995157941297346 -0.5960612881706807
128 0.7007297828404736 -0.7287496694098685
129 0.7022352692331794 -0.8350925323684261
130 0.7040147961784193 -0.9111934285965778
131 0.7059162268055766 -0.9537485447389082
132 0.6361483880326463 0.9628589785718756
133 0.6335989137236213 0.9345950003306234
134 0.6318276681822966 0.874675057440768
135 0.6303499451825333 0.7832743703306134
136 0.6291349391640179 0.6635620849737701
137 0.6281847163301831 0.5198631511901424
138 0.6275030673160643 0.35737602034661337
139 0.6270929075370378 0.18197540773697954
140 0.6269559935170566 -6.439646154933234e-15
141 0.6270929075370417 -0.18197540773699314
142 0.62750306731607 -0.35737602034662813
143 0.6281847163301918 -0.5198631511901571
144 0.6291349391640293 -0.6635620849737853
145 0.6303499451825462 -0.7832743703306324
146 0.6318276681823127 -0.8746750574407872
147 0.6335989137236402 -0.9345950003306439
148 0.6361483880326672 -0.9628589785718986
149 0.5562993266796263 0.9486890898252485
150 0.5548069992688259 0.9063736449473178
151 0.5534151763113497 0.8306977778210346
152 0.5522412662899925 0.7249384219909475
153 0.551296685025729 0.5929634352209577
154 0.5505851277814852 0.43955123668951107
155 0.5501092310495128 0.27025050614962765
156 0.5498708180998646 0.09118198834064592
157 0.5498708180998666 -0.09118198834065733
158 0.5501092310495173 -0.2702505061496385
159 0.5505851277814925 -0.4395512366895232
160 0.5512966850257387 -0.5929634352209705
161 0.5522412662900028 -0.7249384219909608
162 0.5534151763113628 -0.8306977778210488
163 0.5548069992688407 -0.9063736449473325
164 0.5562993266796433 -0.9486890898252647
165 0.47389720795416407 0.9584816137212362
166 0.4719998269582451 0.9303504610770063
167 0.4706854163890628 0.8707139865734421
168 0.46959172976722985 0.7797418115144745
169 0.4686943974302417 0.6605832464442517
170 0.46799369291701165 0.517539622578671
171 0.4674915317452233 0.3557843840833475
172 0.46718954041986654 0.18116679973060415
173 0.4670887582564219 -3.747550715314236e-15
174 0.46718954041986943 -0.18116679973061187
175 0.4674915317452277 -0.3557843840833558
176 0.467993692917018 -0.5175396225786785
177 0.46869439743025065 -0.6605832464442605
178 0.4695917297672394 -0.7797418115144812
179 0.4706854163890738 -0.8707139865734501
180 0.4719998269582574 -0.9303504610770129
181 0.47389720795417883 -0.9584816137212434
182 0.38398326302881747 0.945095320963354
183 0.38295521364528545 0.9029450735975942
184 0.38199811516095306 0.8275636064755589
185 0.3811922848966957 0.7222122587003209
186 0.3805448200518578 0.5907412199668594
187 0.38005760229036994 0.4379089949753692
188 0.3797319732228242 0.26924309741752667
189 0.37956890337891486 0.09084250079826436
190 0.3795689033789153 -0.09084250079826871
191 0.37973197322282604 -0.2692430974175298
192 0.380057602290374 -0.43790899497537267
193 0.3805448200518627 -0.5907412199668614
194 0.381192284896702 -0.7222122587003218
195 0.3819981151609606 -0.8275636064755592
196 0.382955213645294 -0.9029450735975926
197 0.38398326302882707 -0.9450953209633519
198 0.29230493743979913 0.9555752020731426
199 0.2911351591781775 0.9275308874973439
200 0.2903259430611072 0.8680792225659772
201 0.28965354825723316 0.7773876919715107
202 0.2891025434862602 0.6585941086738291
203 0.2886726994487869 0.515985201829637
204 0.2883648702009096 0.354718056802659
205 0.28817983049616214 0.18062457730778578
206 0.2881180914380272 8.215919155925689e-16
207 0.28817983049616386 -0.18062457730778422
208 0.2883648702009121 -0.354718056802657
209 0.2886726994487893 -0.5159852018296333
210 0.28910254348626396 -0.6585941086738235
211 0.2896535482572374 -0.7773876919715026
212 0.29032594306111265 -0.8680792225659663
213 0.2911351591781835 -0.9275308874973311
214 0.2923049374398061 -0.9555752020731297
215 0.19599268906803372 0.9429450161008069
216 0.19546843367505806 0.900892391825883
217 0.19498078024763357 0.8256851856683304
218 0.19457056485624816 0.7205762206966763
219 0.19424122574653957 0.5894058338109468
220 0.19399355179011515 0.43692099077001323
221 0.19382809276604115 0.26863651478019923
222 0.19374525473389845 0.09063799900529411
223 0.19374525473389909 -0.09063799900528634
224 0.19382809276604213 -0.26863651478018985
225 0.19399355179011626 -0.43692099077000346
226 0.1942412257465409 -0.589405833810934
227 0.1945705648562495 -0.7205762206966599
228 0.19498078024763593 -0.8256851856683128
229 0.19546843367506073 -0.9008923918258603
230 0.19599268906803638 -0.9429450161007831
231 0.0987793594855596 0.9541247959737532
232 0.09838412976426822 0.926123547595878
233 0.09811088400045885 0.8667634203930539
234 0.09788397324132468 0.7762111292912299
235 0.0976981285717913 0.6575990889024873
236 0.09755321575215496 0.5152069920262349
237 0.09744947380735203 0.35418384858593926
238 0.09738712773019438 0.18035281732050992
239 0.09736632814675603 8.837027881253841e-15
240 0.09738712773019524 -0.18035281732049352
241 0.0974494738073526 -0.3541838485859218
242 0.09755321575215518 -0.5152069920262132
243 0.0976981285717914 -0.6575990889024643
244 0.09788397324132456 -0.7762111292912021
245 0.09811088400045835 -0.8667634203930213
246 0.09838412976426744 -0.9261235475958421
247 0.09877935948555869 -0.9541247959737165
248 -3.886112822712346e-15 0.9422290865103268
249 -3.719162441960174e-15 0.9002088154142173
250 -2.9563784278785606e-15 0.8250593924547754
251 -1.9722424230565298e-15 0.7200309029895782
252 -1.477054125321257e-15 0.588960495483451
253 -2.10520418976572e-15 0.43659134818519746
254 -2.958096541836577e-15 0.26843406222857485
255 -3.2923752140857384e-15 0.0905697322866222
256 -2.91707675642144e-15 -0.09056973228659733
257 -2.965625753532991e-15 -0.26843406222854865
258 -3.386599122353263e-15 -0.43659134818516987
259 -3.4396052899000533e-15 -0.58896049548342
260 -4.205865666296783e-15 -0.7200309029895433
261 -5.348337555791052e-15 -0.8250593924547371
262 -6.399509623316801e-15 -0.900208815414175
263 -7.655733756687728e-15 -0.9422290865102824
264 -0.09877935948556822 0.9541247959737512
265 -0.09838412976427513 0.926123547595875
266 -0.098110884000465 0.8667634203930515
267 -0.09788397324132939 0.7762111292912285
268 -0.09769812857179504 0.6575990889024883
269 -0.09755321575215917 0.5152069920262373
270 -0.09744947380735688 0.35418384858594276
271 -0.09738712773020065 0.18035281732051578
272 -0.09736632814676219 1.6863602994355317e-14
273 -0.0973871277302012 -0.1803528173204825
274 -0.09744947380735842 -0.35418384858590896
275 -0.09755321575216241 -0.5152069920261999
276 -0.09769812857179916 -0.6575990889024483
277 -0.09788397324133409 -0.7762111292911846
278 -0.09811088400046973 -0.8667634203930028
279 -0.09838412976428058 -0.9261235475958233
280 -0.09877935948557375 -0.9541247959736975
281 -0.19599268906804096 0.9429450161008013
282 -0.19546843367506445 0.9008923918258778
283 -0.19498078024763835 0.8256851856683274
284 -0.19457056485625188 0.7205762206966747
285 -0.19424122574654346 0.5894058338109482
286 -0.19399355179011965 0.43692099077001884
287 -0.19382809276604632 0.26863651478020834
288 -0.19374525473390405 0.09063799900530761
289 -0.1937452547339046 -0.09063799900526827
290 -0.19382809276604912 -0.2686365147801672
291 -0.1939935517901219 -0.43692099076997776
292 -0.1942412257465478 -0.5894058338109052
293 -0.19457056485625807 -0.7205762206966269
294 -0.19498078024764534 -0.8256851856682762
295 -0.19546843367507155 -0.9008923918258235
296 -0.19599268906804868 -0.9429450161007442
297 -0.29230493743980507 0.9555752020731327
298 -0.29113515917818306 0.9275308874973341
299 -0.29032594306111165 0.8680792225659688
300 -0.28965354825723655 0.7773876919715048
301 -0.28910254348626413 0.6585941086738281
302 -0.28867269944879115 0.5159852018296415
303 -0.28836487020091456 0.35471805680266827
304 -0.28817983049616724 0.18062457730780104
305 -0.2881180914380323 2.218148392134929e-14
306 -0.28817983049616946 -0.18062457730775694
307 -0.2883648702009176 -0.3547180568026234
308 -0.2886726994487954 -0.5159852018295938
309 -0.28910254348626957 -0.658594108673779
310 -0.28965354825724465 -0.7773876919714534
311 -0.29032594306112136 -0.8680792225659131
312 -0.29113515917819294 -0.9275308874972763
313 -0.2923049374398163 -0.9555752020730723
314 -0.383983263028821 0.9450953209633373
315 -0.3829552136452885 0.9029450735975783
316 -0.38199811516095605 0.8275636064755482
317 -0.38119228489669776 0.7222122587003131
318 -0.3805448200518613 0.5907412199668576
319 -0.38005760229037416 0.4379089949753743
320 -0.3797319732228289 0.269243097417539
321 -0.37956890337891963 0.09084250079828458
322 -0.37956890337892085 -0.09084250079823997
323 -0.3797319732228311 -0.26924309741749247
324 -0.38005760229037866 -0.4379089949753274
325 -0.38054482005186746 -0.5907412199668102
326 -0.38119228489670676 -0.7222122587002624
327 -0.3819981151609667 -0.8275636064754944
328 -0.38295521364530016 -0.9029450735975243
329 -0.38398326302883384 -0.9450953209632794
330 -0.4738972079541668 0.9584816137212111
331 -0.4719998269582472 0.9303504610769809
332 -0.47068541638906447 0.8707139865734203
333 -0.4695917297672322 0.7797418115144573
334 -0.468694397430245 0.6605832464442423
335 -0.46799369291701504 0.5175396225786693
336 -0.467491531745227 0.3557843840833535
337 -0.4671895404198702 0.18116679973061983
338 -0.4670887582564258 2.209272247731431e-14
339 -0.46718954041987315 -0.18116679973057603
340 -0.4674915317452311 -0.3557843840833099
341 -0.4679936929170214 -0.5175396225786233
342 -0.4686943974302539 -0.6605832464441955
343 -0.46959172976724245 -0.7797418115144095
344 -0.47068541638907746 -0.8707139865733715
345 -0.4719998269582609 -0.9303504610769316
346 -0.473897207954181 -0.9584816137211578
347 -0.5562993266796288 0.9486890898252136
348 -0.5548069992688278 0.906373644947285
349 -0.5534151763113512 0.8306977778210067
350 -0.5522412662899941 0.7249384219909265
351 -0.5512966850257314 0.5929634352209434
352 -0.5505851277814868 0.4395512366895075
353 -0.5501092310495154 0.2702505061496346
354 -0.5498708180998668 0.09118198834066453
355 -0.5498708180998678 -0.09118198834062648
356 -0.5501092310495186 -0.2702505061495949
357 -0.5505851277814939 -0.43955123668946816
358 -0.5512966850257391 -0.592963435220904
359 -0.5522412662900049 -0.724938421990885
360 -0.5534151763113643 -0.8306977778209647
361 -0.5548069992688416 -0.9063736449472435
362 -0.5562993266796428 -0.9486890898251709
363 -0.6361483880326477 0.9628589785718261
364 -0.6335989137236228 0.9345950003305764
365 -0.6318276681822992 0.8746750574407255
366 -0.630349945182534 0.7832743703305776
367 -0.6291349391640194 0.6635620849737415
368 -0.6281847163301838 0.5198631511901244
369 -0.6275030673160641 0.35737602034660837
370 -0.6270929075370383 0.18197540773698734
371 -0.6269559935170574 1.5458161999931212e-14
372 -0.6270929075370408 -0.18197540773695725
373 -0.6275030673160691 -0.3573760203465783
374 -0.6281847163301911 -0.5198631511900926
375 -0.6291349391640291 -0.6635620849737104
376 -0.6303499451825466 -0.783274370330547
377 -0.6318276681823118 -0.8746750574406936
378 -0.6335989137236372 -0.9345950003305453
379 -0.6361483880326622 -0.9628589785717956
380 -0.7059162268055583 0.9537485447388213
381 -0.7040147961784017 0.9111934285964953
382 -0.7022352692331637 0.835092532368352
383 -0.700729782840461 0.7287496694098046
384 -0.6995157941297239 0.5960612881706295
385 -0.6986001060091063 0.44183523922537815
386 -0.6979872707438045 0.2716493297741101
387 -0.6976801637541564 0.09165299336444029
388 -0.6976801637541588 -0.09165299336442088
389 -0.6979872707438071 -0.2716493297740905
390 -0.6986001060091127 -0.4418352392253587
391 -0.6995157941297321 -0.5960612881706117
392 -0.7007297828404715 -0.7287496694097857
393 -0.7022352692331768 -0.8350925323683341
394 -0.7040147961784157 -0.9111934285964773
395 -0.705916226805574 -0.9537485447388022
396 -0.77245270384169 0.9687441803191785
397 -0.7693503981429157 0.9402945398515468
398 -0.7671821196916976 0.8799763849019119
399 -0.7653644544578189 0.7879816469642915
400 -0.7638653373725858 0.6675142622001883
401 -0.7626910292488964 0.5229346385839904
402 -0.7618480854182599 0.35947443822869013
403 -0.7613407893764057 0.1830397971704687
404 -0.7611714501397904 3.603087096512504e-15
405 -0.761340789376408 -0.18303979717046254
406 -0.7618480854182652 -0.359474438228683
407 -0.762691029248904 -0.5229346385839844
408 -0.7638653373725965 -0.6675142622001837
409 -0.7653644544578317 -0.7879816469642883
410 -0.7671821196917114 -0.8799763849019079
411 -0.769350398142932 -0.9402945398515437
412 -0.7724527038417044 -0.9687441803191753
413 -0.826754473786872 0.9603301056625588
414 -0.8245066519000485 0.9174382261167546
415 -0.8223887826531979 0.8407505516623222
416 -0.8205891590305151 0.7336238107209586
417 -0.8191352935033566 0.6000007756789361
418 -0.8180383638692101 0.4447278009196357
419 -0.8173044946818596 0.2734162387148467
420 -0.8169368852797835 0.09224719500883236
421 -0.816936885279783 -0.09224719500884017
422 -0.8173044946818633 -0.27341623871485415
423 -0.8180383638692161 -0.44472780091964387
424 -0.8191352935033649 -0.6000007756789462
425 -0.820589159030527 -0.7336238107209688
426 -0.8223887826532117 -0.8407505516623343
427 -0.8245066519000631 -0.9174382261167646
428 -0.8267544737868876 -0.9603301056625687
429 -0.8772952000492735 0.9762392392709915
430 -0.8737522430742186 0.9475254189604823
431 -0.8712413525250116 0.8866395437505888
432 -0.8691204669838842 0.7938361727264699
433 -0.8673678593260211 0.6723866984067435
434 -0.8659961187196339 0.5266978689715017
435 -0.865013047677246 0.362035430064972
436 -0.8644222534430985 0.18433610117509172
437 -0.8642251945983165 -1.0796633481895398e-14
438 -0.8644222534431018 -0.18433610117511393
439 -0.8650130476772502 -0.3620354300649935
440 -0.865996118719641 -0.5266978689715237
441 -0.8673678593260317 -0.6723866984067692
442 -0.869120466983896 -0.7938361727264965
443 -0.8712413525250249 -0.886639543750614
444 -0.8737522430742342 -0.9475254189605085
445 -0.877295200049291 -0.9762392392710161
446 -0.9139602275727957 0.968601612832926
447 -0.9114072421446161 0.92518032992497
448 -0.9089742715434029 0.8476424833460948
449 -0.9069050300590108 0.7394778702300072
450 -0.9052395388377518 0.6046891144829217
451 -0.9039882961286824 0.448151911859205
452 -0.9031539650756352 0.27550197733059284
453 -0.9027368693926519 0.09294778353455276
454 -0.9027368693926534 -0.0929477835345882
455 -0.9031539650756388 -0.2755019773306275
456 -0.9039882961286879 -0.4481519118592417
457 -0.9052395388377604 -0.6046891144829591
458 -0.9069050300590213 -0.7394778702300467
459 -0.908974271543416 -0.8476424833461371
460 -0.9114072421446309 -0.9251803299250111
461 -0.9139602275728127 -0.9686016128329684
462 -0.9465535502683206 0.9857086656757839
463 -0.942646264184052 0.9565026916295308
464 -0.9397731452325875 0.8946429625244261
465 -0.9373507500986933 0.8007015534181511
466 -0.9353707360418845 0.6780250595526902
467 -0.9338357034801965 0.5310247248538811
468 -0.9327427570767977 0.3649716387707331
469 -0.9320884864350585 0.18582067394133128
470 -0.931870648526415 -2.2528646306499463e-14
471 -0.9320884864350608 -0.18582067394137755
472 -0.9327427570768018 -0.36497163877077793
473 -0.9338357034802047 -0.531024724853929
474 -0.935370736041895 -0.6780250595527426
475 -0.937350750098706 -0.8007015534182026
476 -0.9397731452326028 -0.8946429625244795
477 -0.9426462641840669 -0.9565026916295856
478 -0.9465535502683371 -0.9857086656758394
479 -0.964260381986523 0.9792541896220534
480 -0.9612068398227772 0.9344243566538146
481 -0.9583943511694961 0.8555138369552471
482 -0.9560759106568906 0.7460435082917617
483 -0.9542457403176083 0.6099171725339847
484 -0.9528858876779724 0.45196634185849205
485 -0.951984639263167 0.277826338609146
486 -0.9515354653890088 0.09372885003359237
487 -0.9515354653890095 -0.09372885003364578
488 -0.9519846392631711 -0.27782633860919853
489 -0.9528858876779778 -0.45196634185854667
490 -0.9542457403176167 -0.6099171725340411
491 -0.9560759106569022 -0.7460435082918223
492 -0.9583943511695099 -0.8555138369553095
493 -0.9612068398227923 -0.9344243566538768
494 -0.96426038198654 -0.9792541896221176
495 -0.9784793179873829 0.9999999999998282
496 -0.9732705922818169 0.9672132558000806
497 -0.9698115866326792 0.9033970805203954
498 -0.9671189989562653 0.808075719154293
499 -0.9649920442697089 0.6840900933113615
500 -0.9633676546389349 0.5357028830092663
501 -0.9622193259624755 0.3681603805111923
502 -0.9615343019547327 0.18743739290486303
503 -0.9613065580092477 -2.869001693204125e-14
504 -0.9615343019547355 -0.1874373929049195
505 -0.9622193259624805 -0.3681603805112495
506 -0.9633676546389423 -0.5357028830093254
507 -0.9649920442697185 -0.6840900933114245
508 -0.9671189989562775 -0.8080757191543592
509 -0.9698115866326932 -0.9033970805204615
510 -0.973270592281833 -0.9672132558001495
511 -0.9784793179873992 -0.9999999999999015
